model	post_prob	cumulative_post_prob	prior_prob	bf
0,0,0,0,0,0	0.258889	0.258889	0.025847	13.1658
0,1,0,0,0,0	0.0588889	0.317778	0.007282	8.53037
0,1,1,1,1,1	0.0433333	0.361111	0.007361	6.10824
0,0,0,0,0,1	0.0355556	0.396667	0.007422	4.93031
0,1,1,1,1,0	0.0288889	0.425556	0.001846	16.0852
0,1,1,1,1,2	0.0233333	0.448889	0.00461	5.15849
0,0,0,1,0,0	0.0155556	0.464444	0.007455	2.10376
0,0,0,0,1,0	0.0144444	0.478889	0.007438	1.95579
0,1,1,0,0,0	0.0144444	0.493333	0.001869	7.82705
0,1,2,3,4,5	0.0133333	0.506667	0.153445	0.074554
0,1,2,0,0,0	0.0133333	0.52	0.004777	2.81536
0,1,0,0,1,0	0.0133333	0.533333	0.001827	7.38305
0,1,0,1,1,0	0.0122222	0.545556	0.001287	9.60181
0,1,2,2,2,2	0.0122222	0.557778	0.004752	2.59147
0,1,0,0,2,0	0.0122222	0.57	0.004657	2.64458
0,1,1,0,1,0	0.0111111	0.581111	0.001242	9.03543
0,1,1,2,1,3	0.0111111	0.592222	0.006429	1.73646
0,1,1,0,1,1	0.01	0.602222	0.001863	5.4118
0,1,0,0,0,2	0.01	0.612222	0.004693	2.14226
0,0,1,0,0,0	0.01	0.622222	0.00729	1.3755
0,0,0,0,1,1	0.00888889	0.631111	0.001905	4.69896
0,1,2,1,1,3	0.00777778	0.638889	0.006397	1.21754
0,1,1,2,1,0	0.00777778	0.646667	0.00158	4.95339
0,1,2,3,3,4	0.00777778	0.654444	0.0191	0.402567
0,1,0,2,0,0	0.00777778	0.662222	0.004725	1.65116
0,1,2,2,2,3	0.00666667	0.668889	0.006343	1.05137
0,1,1,1,0,0	0.00666667	0.675556	0.001259	5.32403
0,1,2,2,2,0	0.00666667	0.682222	0.001603	4.18007
0,1,0,2,1,0	0.00666667	0.688889	0.001648	4.06575
0,1,2,2,3,4	0.00555556	0.694444	0.018853	0.290737
0,1,2,2,1,2	0.00555556	0.7	0.001589	3.5102
0,1,2,3,4,0	0.00555556	0.705556	0.01908	0.287212
0,1,2,3,0,3	0.00555556	0.711111	0.00324	1.71867
0,1,0,0,2,3	0.00555556	0.716667	0.006449	0.860686
0,1,2,3,2,4	0.00555556	0.722222	0.019062	0.287488
0,1,1,2,1,2	0.00555556	0.727778	0.001497	3.72627
0,1,2,3,1,4	0.00555556	0.733333	0.019221	0.285064
0,1,1,2,1,1	0.00444444	0.737778	0.004755	0.934397
0,1,1,1,0,2	0.00444444	0.742222	0.001622	2.74787
0,1,0,0,0,1	0.00444444	0.746667	0.001847	2.41258
0,1,2,1,1,0	0.00444444	0.751111	0.001605	2.77702
0,1,1,2,0,0	0.00444444	0.755556	0.00157	2.83903
0,1,1,0,1,2	0.00444444	0.76	0.00158	2.82103
0,1,2,3,1,2	0.00444444	0.764444	0.003305	1.3463
0,0,1,0,1,0	0.00444444	0.768889	0.001821	2.44709
0,1,1,2,2,2	0.00444444	0.773333	0.001617	2.75638
0,1,1,1,2,3	0.00444444	0.777778	0.006395	0.693626
0,0,0,0,1,2	0.00444444	0.782222	0.004638	0.958081
0,1,2,1,2,3	0.00444444	0.786667	0.003175	1.40161
0,1,0,2,3,0	0.00444444	0.791111	0.00645	0.687673
0,0,0,1,0,1	0.00444444	0.795556	0.001821	2.44709
0,1,0,2,1,3	0.00444444	0.8	0.003259	1.36537
0,1,2,1,1,2	0.00444444	0.804444	0.001631	2.73268
0,1,2,2,0,2	0.00444444	0.808889	0.001543	2.88879
0,1,0,2,0,3	0.00444444	0.813333	0.006442	0.688533
0,1,0,2,0,2	0.00333333	0.816667	0.001546	2.15997
0,1,2,0,1,0	0.00333333	0.82	0.001634	2.04346
0,1,2,2,1,0	0.00333333	0.823333	0.000754	4.43231
0,1,2,0,1,3	0.00333333	0.826667	0.00326	1.02257
0,1,2,3,3,3	0.00333333	0.83	0.006262	0.530747
0,1,1,2,3,4	0.00333333	0.833333	0.01904	0.172311
0,1,2,0,2,2	0.00333333	0.836667	0.001604	2.08174
0,1,0,1,1,2	0.00333333	0.84	0.00161	2.07397
0,1,1,2,2,3	0.00333333	0.843333	0.003226	1.03338
0,1,0,2,3,4	0.00333333	0.846667	0.019134	0.171448
0,0,1,0,0,1	0.00333333	0.85	0.00183	1.82424
0,1,2,2,1,3	0.00333333	0.853333	0.003224	1.03403
0,1,0,1,0,1	0.00333333	0.856667	0.00122	2.73803
0,1,0,1,0,0	0.00333333	0.86	0.0018	1.8547
0,1,2,0,2,3	0.00333333	0.863333	0.003105	1.07378
0,1,1,0,2,0	0.00333333	0.866667	0.001583	2.1094
0,1,2,1,0,3	0.00333333	0.87	0.003273	1.0185
0,0,1,1,1,0	0.00333333	0.873333	0.001243	2.68731
0,1,2,3,1,0	0.00333333	0.876667	0.003173	1.0507
0,1,1,1,0,1	0.00333333	0.88	0.001881	1.77469
0,1,2,3,0,0	0.00333333	0.883333	0.006488	0.512143
0,1,2,2,3,2	0.00333333	0.886667	0.006426	0.517116
0,0,0,1,0,2	0.00333333	0.89	0.004775	0.697071
0,1,2,2,3,0	0.00222222	0.892222	0.003242	0.684747
0,1,0,0,1,1	0.00222222	0.894444	0.001258	1.76818
0,1,1,1,2,1	0.00222222	0.896667	0.004681	0.473563
0,1,2,3,0,4	0.00222222	0.898889	0.018912	0.115538
0,1,0,0,1,2	0.00222222	0.901111	0.001547	1.43744
0,1,1,0,2,3	0.00222222	0.903333	0.003181	0.697921
0,1,1,2,0,1	0.00222222	0.905556	0.00156	1.42545
0,1,1,2,0,2	0.00222222	0.907778	0.000847	2.62726
0,1,0,0,2,1	0.00222222	0.91	0.001541	1.44305
0,0,1,1,0,1	0.00222222	0.912222	0.001211	1.83689
0,0,1,1,0,0	0.00222222	0.914444	0.001874	1.18623
0,1,2,3,2,2	0.00222222	0.916667	0.006371	0.347352
0,0,1,0,0,2	0.00222222	0.918889	0.004724	0.469232
0,1,2,2,2,1	0.00222222	0.921111	0.001548	1.43651
0,0,0,1,1,0	0.00222222	0.923333	0.001868	1.19005
0,1,2,1,3,0	0.00222222	0.925556	0.003261	0.680745
0,1,2,2,0,0	0.00222222	0.927778	0.00164	1.3558
0,1,1,2,3,2	0.00222222	0.93	0.003223	0.688797
0,1,2,0,2,0	0.00222222	0.932222	0.001588	1.40027
0,1,0,2,2,2	0.00222222	0.934444	0.001476	1.5067
0,1,2,2,0,1	0.00222222	0.936667	0.000784	2.83855
0,1,2,2,1,1	0.00222222	0.938889	0.001565	1.42089
0,1,2,0,0,2	0.00222222	0.941111	0.00162	1.37257
0,1,1,1,2,0	0.00222222	0.943333	0.001496	1.48652
0,1,2,0,0,3	0.00111111	0.944444	0.006608	0.167221
0,1,2,0,0,1	0.00111111	0.945556	0.001538	0.72213
0,1,1,2,3,3	0.00111111	0.946667	0.003117	0.355752
0,1,1,2,3,1	0.00111111	0.947778	0.006496	0.170123
0,1,1,2,2,0	0.00111111	0.948889	0.000814	1.36541
0,1,2,0,3,2	0.00111111	0.95	0.003227	0.343588
0,1,2,0,3,4	0.00111111	0.951111	0.018923	0.0576705
0,1,2,1,0,0	0.00111111	0.952222	0.001602	0.693237
0,1,2,1,0,1	0.00111111	0.953333	0.001575	0.70514
0,1,1,2,0,3	0.00111111	0.954444	0.003179	0.348792
0,0,0,1,2,0	0.00111111	0.955556	0.004806	0.230337
0,1,2,1,1,1	0.00111111	0.956667	0.004678	0.23667
0,0,0,1,1,1	0.00111111	0.957778	0.001224	0.907668
0,1,1,0,2,1	0.00111111	0.958889	0.00161	0.689786
0,1,1,0,0,1	0.00111111	0.96	0.001227	0.905446
0,1,0,2,3,3	0.00111111	0.961111	0.003086	0.359337
0,1,2,1,3,1	0.00111111	0.962222	0.006294	0.175619
0,1,2,1,3,3	0.00111111	0.963333	0.003292	0.336782
0,1,0,2,2,3	0.00111111	0.964444	0.003221	0.34423
0,1,0,2,2,0	0.00111111	0.965556	0.001594	0.696721
0,1,0,2,1,2	0.00111111	0.966667	0.000765	1.45294
0,1,0,2,0,1	0.00111111	0.967778	0.001572	0.706488
0,1,0,1,2,2	0.00111111	0.968889	0.000793	1.4016
0,1,0,1,2,0	0.00111111	0.97	0.001566	0.709199
0,1,0,1,1,1	0.00111111	0.971111	0.001807	0.614464
0,1,0,1,0,2	0.00111111	0.972222	0.00155	0.716531
0,1,0,0,2,2	0.00111111	0.973333	0.001535	0.723544
0,0,1,2,3,4	0.00111111	0.974444	0.018869	0.0578387
0,0,1,2,2,2	0.00111111	0.975556	0.001653	0.671814
0,0,1,2,1,1	0.00111111	0.976667	0.001579	0.703351
0,0,1,2,1,0	0.00111111	0.977778	0.001581	0.702459
0,0,1,2,0,3	0.00111111	0.978889	0.006572	0.168143
0,0,1,2,0,2	0.00111111	0.98	0.001605	0.691939
0,1,2,3,0,2	0.00111111	0.981111	0.00323	0.343268
0,0,1,2,0,1	0.00111111	0.982222	0.001594	0.696721
0,0,1,2,0,0	0.00111111	0.983333	0.004763	0.232427
0,0,1,1,2,3	0.00111111	0.984444	0.003211	0.345305
0,0,1,1,1,1	0.00111111	0.985556	0.001821	0.609732
0,1,2,3,1,3	0.00111111	0.986667	0.003246	0.34157
0,0,1,0,2,3	0.00111111	0.987778	0.006382	0.173182
0,1,2,3,2,0	0.00111111	0.988889	0.003148	0.352238
0,0,1,0,1,2	0.00111111	0.99	0.00161	0.689786
0,1,2,3,2,3	0.00111111	0.991111	0.003225	0.343801
0,0,1,0,1,1	0.00111111	0.992222	0.001254	0.885927
0,1,2,3,3,2	0.00111111	0.993333	0.00323	0.343268
0,0,0,1,2,3	0.00111111	0.994444	0.006503	0.169939
0,0,0,1,2,2	0.00111111	0.995556	0.001639	0.677562
0,0,0,1,2,1	0.00111111	0.996667	0.001587	0.699799
0,1,2,3,4,1	0.00111111	0.997778	0.018947	0.057596
0,1,2,3,4,2	0.00111111	0.998889	0.018994	0.0574507
0,1,1,1,2,2	0.00111111	1	0.001603	0.692803
