model	post_prob	cumulative_post_prob	prior_prob	bf
0,0,0,0,1,0	0.33	0.33	0.00746	65.5312
0,0,0,1,2,0	0.111111	0.441111	0.004695	26.4991
0,0,0,1,1,0	0.0477778	0.488889	0.001806	27.7322
0,0,1,0,2,0	0.0322222	0.521111	0.00483	6.86009
0,0,0,0,1,2	0.0277778	0.548889	0.00489	5.81426
0,1,1,1,2,1	0.0266667	0.575556	0.004744	5.74774
0,0,0,0,0,0	0.0255556	0.601111	0.025687	0.994749
0,1,0,0,2,0	0.0222222	0.623333	0.004847	4.66621
0,1,1,0,2,1	0.0211111	0.644444	0.001541	13.9735
0,1,0,1,2,0	0.0166667	0.661111	0.001591	10.6362
0,0,1,2,3,0	0.0155556	0.676667	0.006438	2.43859
0,1,0,0,2,1	0.0144444	0.691111	0.001579	9.26726
0,0,1,0,2,1	0.0144444	0.705556	0.001551	9.43482
0,1,1,2,3,1	0.0133333	0.718889	0.006406	2.096
0,0,0,1,2,3	0.0111111	0.73	0.006413	1.74082
0,1,2,3,4,0	0.00888889	0.738889	0.018979	0.463586
0,0,0,1,2,1	0.00777778	0.746667	0.001531	5.11218
0,1,1,1,2,3	0.00777778	0.754444	0.006404	1.2162
0,0,1,2,3,4	0.00777778	0.762222	0.019172	0.401026
0,1,1,2,3,0	0.00777778	0.77	0.003193	2.44714
0,1,1,1,2,0	0.00777778	0.777778	0.00153	5.11552
0,1,0,2,3,0	0.00777778	0.785556	0.006431	1.21106
0,0,1,1,2,1	0.00777778	0.793333	0.001608	4.867
0,1,1,1,0,1	0.00777778	0.801111	0.001878	4.16615
0,0,1,0,2,3	0.00666667	0.807778	0.006458	1.03253
0,1,2,0,3,1	0.00666667	0.814444	0.003296	2.02952
0,1,0,2,3,1	0.00666667	0.821111	0.003132	2.13614
0,1,1,0,2,0	0.00666667	0.827778	0.001691	3.96219
0,1,1,0,0,1	0.00666667	0.834444	0.001205	5.56292
0,0,1,1,2,0	0.00666667	0.841111	0.001543	4.34287
0,1,2,1,3,2	0.00555556	0.846667	0.003158	1.76344
0,0,1,0,0,1	0.00555556	0.852222	0.001808	3.08434
0,1,0,1,2,1	0.00555556	0.857778	0.00156	3.57556
0,1,2,0,3,0	0.00555556	0.863333	0.006528	0.850203
0,0,0,0,0,1	0.00555556	0.868889	0.007303	0.759386
0,0,1,2,2,0	0.00555556	0.874444	0.00159	3.50799
0,1,0,2,3,4	0.00444444	0.878889	0.0192	0.228051
0,1,2,3,4,5	0.00444444	0.883333	0.15336	0.0246456
0,1,1,0,2,3	0.00444444	0.887778	0.003248	1.37001
0,1,2,3,4,1	0.00444444	0.892222	0.019152	0.228633
0,1,1,1,1,0	0.00444444	0.896667	0.001825	2.44172
0,1,2,0,3,2	0.00444444	0.901111	0.003224	1.38024
0,0,1,1,1,0	0.00444444	0.905556	0.001181	3.77563
0,1,0,0,1,0	0.00333333	0.908889	0.001832	1.82225
0,0,0,1,1,2	0.00333333	0.912222	0.001618	2.0637
0,1,1,2,3,4	0.00333333	0.915556	0.019102	0.171741
0,1,0,0,0,1	0.00333333	0.918889	0.001817	1.83732
0,0,1,2,3,1	0.00333333	0.922222	0.003234	1.03082
0,1,0,2,3,2	0.00333333	0.925556	0.003251	1.02541
0,1,1,0,0,0	0.00333333	0.928889	0.001848	1.80644
0,1,0,0,2,3	0.00222222	0.931111	0.006377	0.347023
0,0,1,2,3,2	0.00222222	0.933333	0.003244	0.684324
0,1,2,2,3,1	0.00222222	0.935556	0.003217	0.690086
0,1,2,2,3,0	0.00222222	0.937778	0.003301	0.672469
0,1,2,1,3,1	0.00222222	0.94	0.006455	0.342803
0,1,0,2,2,1	0.00222222	0.942222	0.000765	2.90911
0,1,2,1,3,0	0.00222222	0.944444	0.003218	0.689871
0,1,0,2,2,0	0.00222222	0.946667	0.001571	1.41545
0,1,2,1,1,3	0.00222222	0.948889	0.006586	0.33594
0,1,0,2,1,0	0.00222222	0.951111	0.001536	1.44775
0,1,2,2,3,2	0.00222222	0.953333	0.006503	0.340257
0,1,2,3,3,2	0.00222222	0.955556	0.003221	0.689226
0,1,0,1,1,0	0.00222222	0.957778	0.001218	1.82632
0,1,1,2,2,3	0.00222222	0.96	0.003262	0.680535
0,1,1,2,2,1	0.00222222	0.962222	0.00157	1.41635
0,1,1,2,0,3	0.00111111	0.963333	0.003281	0.337914
0,1,1,2,2,2	0.00111111	0.964444	0.001577	0.704244
0,1,1,2,0,2	0.00111111	0.965556	0.000798	1.39281
0,1,0,1,0,1	0.00111111	0.966667	0.001244	0.893057
0,0,1,0,0,2	0.00111111	0.967778	0.004744	0.233362
0,1,1,2,3,2	0.00111111	0.968889	0.003261	0.339994
0,1,1,2,0,1	0.00111111	0.97	0.001632	0.680473
0,1,2,0,0,2	0.00111111	0.971111	0.001532	0.724963
0,1,2,0,1,1	0.00111111	0.972222	0.001604	0.692371
0,1,2,0,2,1	0.00111111	0.973333	0.000783	1.41951
0,0,1,0,1,1	0.00111111	0.974444	0.001177	0.943957
0,0,0,1,1,1	0.00111111	0.975556	0.001182	0.93996
0,0,1,1,0,1	0.00111111	0.976667	0.001235	0.899574
0,1,2,0,3,4	0.00111111	0.977778	0.018859	0.0578699
0,1,2,1,1,2	0.00111111	0.978889	0.001517	0.732142
0,1,1,1,1,1	0.00111111	0.98	0.00744	0.148397
0,0,1,2,0,3	0.00111111	0.981111	0.006394	0.172855
0,1,1,0,2,2	0.00111111	0.982222	0.000845	1.31527
0,0,0,1,0,2	0.00111111	0.983333	0.004588	0.241335
0,1,2,1,3,4	0.00111111	0.984444	0.018877	0.0578137
0,1,2,2,0,1	0.00111111	0.985556	0.000841	1.32154
0,0,1,2,2,1	0.00111111	0.986667	0.00077	1.44349
0,1,0,0,0,0	0.00111111	0.987778	0.007162	0.1542
0,1,0,0,1,1	0.00111111	0.988889	0.001222	0.909155
0,1,2,2,3,4	0.00111111	0.99	0.018877	0.0578137
0,1,2,3,1,2	0.00111111	0.991111	0.00319	0.347586
0,1,2,3,2,0	0.00111111	0.992222	0.003233	0.342948
0,1,2,3,3,0	0.00111111	0.993333	0.003223	0.344016
0,1,0,1,1,2	0.00111111	0.994444	0.001527	0.72734
0,0,0,0,1,1	0.00111111	0.995556	0.00188	0.590562
0,1,0,1,1,1	0.00111111	0.996667	0.001786	0.621702
0,1,2,3,4,2	0.00111111	0.997778	0.019112	0.0570892
0,1,2,3,4,3	0.00111111	0.998889	0.018942	0.0576115
0,0,1,0,1,0	0.00111111	1	0.001859	0.597245
