model	post_prob	cumulative_post_prob	prior_prob	bf
0,0,0,0,0,0	0.324444	0.324444	0.026025	17.9737
0,0,1,0,0,0	0.141111	0.465556	0.007355	22.1736
0,0,0,1,0,0	0.0266667	0.492222	0.007292	3.72977
0,1,1,0,1,1	0.0222222	0.514444	0.001811	12.5268
0,1,2,0,0,0	0.0211111	0.535556	0.004875	4.40231
0,1,1,0,0,0	0.02	0.555556	0.001839	11.077
0,0,0,0,0,1	0.0177778	0.573333	0.007308	2.45858
0,1,1,1,1,1	0.0166667	0.59	0.007432	2.26361
0,1,1,0,1,0	0.0166667	0.606667	0.001222	13.8531
0,0,1,0,0,1	0.0144444	0.621111	0.001811	8.07819
0,0,1,0,1,0	0.0133333	0.634444	0.001808	7.46077
0,1,1,0,0,1	0.0122222	0.646667	0.001215	10.1715
0,1,0,0,0,0	0.0122222	0.658889	0.007467	1.64471
0,0,1,2,0,0	0.0111111	0.67	0.004775	2.34184
0,1,2,1,1,1	0.0111111	0.681111	0.004751	2.35373
0,1,2,0,3,0	0.0111111	0.692222	0.006404	1.74329
0,0,1,0,0,2	0.01	0.702222	0.004772	2.10662
0,1,2,0,1,1	0.00888889	0.711111	0.001694	5.28537
0,0,1,0,2,0	0.00888889	0.72	0.004852	1.83947
0,0,0,0,1,0	0.00888889	0.728889	0.00732	1.21625
0,0,1,0,1,1	0.00777778	0.736667	0.00125	6.26316
0,1,2,0,1,0	0.00666667	0.743333	0.001536	4.3627
0,1,1,1,2,1	0.00555556	0.748889	0.004655	1.19454
0,1,2,0,2,0	0.00555556	0.754444	0.001634	3.41338
0,1,2,1,0,1	0.00555556	0.76	0.001595	3.49698
0,1,2,0,3,3	0.00555556	0.765556	0.003176	1.75342
0,1,0,1,1,1	0.00555556	0.771111	0.001794	3.10846
0,0,1,2,0,2	0.00555556	0.776667	0.001539	3.62443
0,1,2,3,3,0	0.00555556	0.782222	0.003215	1.73208
0,0,1,2,2,0	0.00555556	0.787778	0.001646	3.38845
0,1,1,1,0,0	0.00444444	0.792222	0.001268	3.51627
0,1,2,3,4,3	0.00444444	0.796667	0.019055	0.22982
0,1,2,0,0,3	0.00444444	0.801111	0.006592	0.672764
0,1,2,0,0,1	0.00444444	0.805556	0.001605	2.77702
0,0,1,1,0,0	0.00444444	0.81	0.001769	2.51916
0,0,1,0,2,1	0.00444444	0.814444	0.001592	2.79974
0,0,1,0,2,3	0.00444444	0.818889	0.006451	0.687566
0,1,1,2,1,1	0.00444444	0.823333	0.004772	0.931052
0,1,2,0,2,2	0.00444444	0.827778	0.001579	2.82282
0,0,0,1,0,1	0.00444444	0.832222	0.001863	2.39182
0,1,2,0,3,1	0.00444444	0.836667	0.003339	1.33255
0,0,1,2,0,1	0.00333333	0.84	0.001588	2.10275
0,1,2,3,1,4	0.00333333	0.843333	0.019059	0.172136
0,1,2,3,0,4	0.00333333	0.846667	0.018853	0.174053
0,1,2,3,0,3	0.00333333	0.85	0.003235	1.0305
0,0,1,2,3,0	0.00333333	0.853333	0.006251	0.531687
0,1,1,2,1,3	0.00333333	0.856667	0.006535	0.508435
0,1,0,0,1,1	0.00333333	0.86	0.00123	2.71575
0,1,2,3,4,1	0.00333333	0.863333	0.019012	0.17257
0,1,2,0,3,4	0.00333333	0.866667	0.018859	0.173997
0,1,2,1,1,3	0.00333333	0.87	0.006507	0.510638
0,0,0,1,0,2	0.00333333	0.873333	0.004796	0.694004
0,0,1,0,2,2	0.00333333	0.876667	0.001558	2.14331
0,0,0,1,1,1	0.00333333	0.88	0.001207	2.76756
0,0,1,1,1,1	0.00333333	0.883333	0.001853	1.80156
0,0,0,1,1,0	0.00333333	0.886667	0.001858	1.7967
0,1,1,1,1,0	0.00333333	0.89	0.001842	1.81234
0,1,1,2,2,2	0.00333333	0.893333	0.001643	2.03225
0,1,2,1,1,0	0.00222222	0.895556	0.001598	1.3915
0,1,1,0,2,2	0.00222222	0.897778	0.000811	2.74398
0,1,1,1,0,1	0.00222222	0.9	0.001851	1.201
0,1,1,0,2,1	0.00222222	0.902222	0.001618	1.37427
0,1,1,0,2,0	0.00222222	0.904444	0.001571	1.41545
0,1,2,3,4,5	0.00222222	0.906667	0.15359	0.0122736
0,1,2,1,0,0	0.00222222	0.908889	0.001596	1.39324
0,1,2,1,3,0	0.00222222	0.911111	0.003317	0.669214
0,1,2,1,3,1	0.00222222	0.913333	0.006418	0.344792
0,1,2,2,0,1	0.00222222	0.915556	0.000792	2.80986
0,1,1,2,1,2	0.00222222	0.917778	0.001536	1.44775
0,1,0,2,1,1	0.00222222	0.92	0.001589	1.39939
0,1,1,2,2,0	0.00222222	0.922222	0.000765	2.90911
0,1,2,3,0,0	0.00222222	0.924444	0.006385	0.346586
0,1,0,1,1,0	0.00222222	0.926667	0.001232	1.80554
0,1,1,2,3,0	0.00222222	0.928889	0.003354	0.661807
0,1,0,1,0,1	0.00222222	0.931111	0.001184	1.87883
0,1,0,1,0,0	0.00222222	0.933333	0.001788	1.24339
0,1,0,0,0,1	0.00222222	0.935556	0.001805	1.23166
0,0,1,2,3,4	0.00222222	0.937778	0.019024	0.114845
0,1,2,0,0,2	0.00222222	0.94	0.001533	1.45059
0,1,2,3,3,3	0.00222222	0.942222	0.006476	0.341684
0,0,1,2,3,1	0.00222222	0.944444	0.003186	0.696822
0,0,1,2,1,0	0.00222222	0.946667	0.001632	1.36246
0,1,2,0,1,2	0.00222222	0.948889	0.00076	2.92826
0,1,2,0,1,3	0.00222222	0.951111	0.003185	0.697042
0,0,0,0,1,1	0.00222222	0.953333	0.001841	1.20753
0,0,1,1,2,0	0.00111111	0.954444	0.001553	0.715145
0,1,1,2,3,3	0.00111111	0.955556	0.003103	0.357362
0,1,1,2,2,1	0.00111111	0.956667	0.001627	0.682567
0,1,1,2,1,0	0.00111111	0.957778	0.001585	0.700684
0,1,1,2,0,2	0.00111111	0.958889	0.000779	1.4268
0,1,1,1,2,3	0.00111111	0.96	0.00647	0.170811
0,0,0,1,2,0	0.00111111	0.961111	0.004749	0.233115
0,1,2,1,0,3	0.00111111	0.962222	0.003199	0.346605
0,1,1,0,2,3	0.00111111	0.963333	0.003255	0.340623
0,0,0,1,2,1	0.00111111	0.964444	0.001594	0.696721
0,1,2,1,1,2	0.00111111	0.965556	0.001471	0.755072
0,1,0,2,3,0	0.00111111	0.966667	0.006462	0.171024
0,1,2,1,2,1	0.00111111	0.967778	0.001562	0.711018
0,1,2,1,2,2	0.00111111	0.968889	0.001673	0.663769
0,1,0,2,2,1	0.00111111	0.97	0.000786	1.41409
0,1,0,2,2,0	0.00111111	0.971111	0.001596	0.695847
0,1,2,1,3,3	0.00111111	0.972222	0.003233	0.342948
0,1,2,1,3,4	0.00111111	0.973333	0.019098	0.0571318
0,1,0,2,1,2	0.00111111	0.974444	0.000791	1.40514
0,1,2,2,0,3	0.00111111	0.975556	0.003215	0.344874
0,1,2,2,1,0	0.00111111	0.976667	0.000752	1.47807
0,1,2,2,1,2	0.00111111	0.977778	0.001546	0.718388
0,1,2,2,2,0	0.00111111	0.978889	0.001559	0.712388
0,1,2,2,2,2	0.00111111	0.98	0.004624	0.239447
0,1,2,2,3,0	0.00111111	0.981111	0.003279	0.338121
0,1,2,2,3,1	0.00111111	0.982222	0.003226	0.343695
0,1,0,2,0,2	0.00111111	0.983333	0.001567	0.708745
0,1,2,3,0,1	0.00111111	0.984444	0.003206	0.345846
0,1,0,2,0,0	0.00111111	0.985556	0.004652	0.237999
0,1,0,1,2,1	0.00111111	0.986667	0.001599	0.694539
0,1,2,3,1,0	0.00111111	0.987778	0.003251	0.341043
0,1,0,1,2,0	0.00111111	0.988889	0.001502	0.739465
0,1,2,3,2,0	0.00111111	0.99	0.003259	0.340203
0,1,2,3,2,2	0.00111111	0.991111	0.006428	0.171935
0,1,0,0,1,0	0.00111111	0.992222	0.001857	0.59789
0,1,2,3,3,2	0.00111111	0.993333	0.003209	0.345521
0,0,1,2,3,3	0.00111111	0.994444	0.003225	0.343801
0,1,2,3,3,4	0.00111111	0.995556	0.019185	0.0568677
0,1,2,3,4,0	0.00111111	0.996667	0.018882	0.0577981
0,0,1,1,1,0	0.00111111	0.997778	0.00127	0.874751
0,0,1,1,2,1	0.00111111	0.998889	0.00159	0.698477
0,1,1,2,3,4	0.00111111	1	0.019023	0.0573615
