model	post_prob	cumulative_post_prob	prior_prob	bf
0,0,0,0,0,0	0.367778	0.367778	0.025868	21.9064
0,0,0,0,0,1	0.0611111	0.428889	0.007418	8.70935
0,0,1,0,1,1	0.04	0.468889	0.001245	33.4255
0,0,0,0,1,0	0.03	0.498889	0.007393	4.15247
0,1,0,0,0,0	0.0288889	0.527778	0.007328	4.02979
0,0,0,1,0,0	0.0233333	0.551111	0.007349	3.227
0,0,0,0,1,2	0.0222222	0.573333	0.004739	4.77307
0,0,1,0,0,0	0.02	0.593333	0.00737	2.74868
0,0,0,0,1,1	0.0188889	0.612222	0.001839	10.4498
0,0,1,0,0,1	0.0188889	0.631111	0.001837	10.4612
0,0,1,0,2,3	0.0177778	0.648889	0.00638	2.81882
0,1,1,1,1,1	0.0166667	0.665556	0.007385	2.27813
0,0,1,0,2,2	0.0122222	0.677778	0.001572	7.85878
0,1,0,1,0,0	0.0122222	0.69	0.001864	6.62575
0,0,1,0,1,2	0.01	0.7	0.001574	6.40731
0,1,0,2,0,0	0.00888889	0.708889	0.004909	1.818
0,0,1,0,0,2	0.00888889	0.717778	0.004714	1.89358
0,1,1,1,1,2	0.00777778	0.725556	0.004748	1.64312
0,1,2,1,2,2	0.00777778	0.733333	0.001622	4.82493
0,0,0,1,1,1	0.00666667	0.74	0.001227	5.46306
0,0,1,0,1,0	0.00666667	0.746667	0.001865	3.5919
0,0,1,0,2,0	0.00666667	0.753333	0.004844	1.3788
0,0,1,1,0,1	0.00666667	0.76	0.001201	5.58147
0,0,1,1,1,1	0.00666667	0.766667	0.001873	3.57653
0,1,1,1,0,0	0.00555556	0.772222	0.001267	4.40372
0,1,1,2,1,1	0.00555556	0.777778	0.00476	1.16807
0,1,2,1,2,3	0.00444444	0.782222	0.003264	1.36327
0,1,1,1,1,0	0.00444444	0.786667	0.001861	2.3944
0,1,2,0,0,0	0.00444444	0.791111	0.004686	0.948222
0,0,1,1,1,2	0.00444444	0.795556	0.001616	2.75809
0,1,1,1,2,1	0.00444444	0.8	0.004715	0.942362
0,1,1,0,1,1	0.00444444	0.804444	0.001825	2.44172
0,1,1,0,0,2	0.00444444	0.808889	0.001619	2.75297
0,0,1,0,2,1	0.00444444	0.813333	0.001586	2.81034
0,1,2,0,2,2	0.00444444	0.817778	0.00156	2.85726
0,1,0,0,2,3	0.00444444	0.822222	0.006414	0.691558
0,1,0,0,0,1	0.00444444	0.826667	0.00184	2.42178
0,0,0,1,0,2	0.00444444	0.831111	0.004758	0.933805
0,1,2,3,4,5	0.00333333	0.834444	0.15334	0.0184664
0,0,1,1,0,0	0.00333333	0.837778	0.001831	1.82324
0,1,1,0,0,0	0.00333333	0.841111	0.001795	1.85988
0,1,0,1,2,0	0.00333333	0.844444	0.001583	2.1094
0,1,0,0,2,0	0.00333333	0.847778	0.00474	0.702242
0,1,0,0,0,2	0.00333333	0.851111	0.004763	0.698835
0,0,1,2,3,4	0.00222222	0.853333	0.019035	0.114777
0,1,2,3,4,4	0.00222222	0.855556	0.019161	0.114007
0,0,1,2,1,1	0.00222222	0.857778	0.001565	1.42089
0,1,2,2,3,2	0.00222222	0.86	0.006266	0.35321
0,1,0,0,1,0	0.00222222	0.862222	0.00187	1.18877
0,1,0,0,1,1	0.00222222	0.864444	0.001224	1.81736
0,1,2,2,2,0	0.00222222	0.866667	0.0016	1.38976
0,1,2,1,3,4	0.00222222	0.868889	0.018922	0.115476
0,1,2,1,3,2	0.00222222	0.871111	0.003179	0.698362
0,1,0,0,2,2	0.00222222	0.873333	0.001551	1.43373
0,1,2,1,3,1	0.00222222	0.875556	0.006395	0.34604
0,0,0,1,0,1	0.00222222	0.877778	0.001808	1.22962
0,1,0,1,0,1	0.00222222	0.88	0.001223	1.81885
0,1,2,1,1,3	0.00222222	0.882222	0.006463	0.342376
0,1,0,1,1,1	0.00222222	0.884444	0.001785	1.24549
0,1,2,1,1,1	0.00222222	0.886667	0.004713	0.470332
0,0,1,2,3,1	0.00222222	0.888889	0.003212	0.691164
0,1,2,1,0,2	0.00222222	0.891111	0.000801	2.77826
0,1,2,0,3,1	0.00222222	0.893333	0.003249	0.683267
0,0,1,2,0,1	0.00222222	0.895556	0.001574	1.41275
0,1,2,0,3,0	0.00222222	0.897778	0.006431	0.344091
0,0,0,1,1,2	0.00222222	0.9	0.001552	1.43281
0,1,2,0,2,0	0.00222222	0.902222	0.001611	1.38025
0,1,2,0,0,3	0.00222222	0.904444	0.006441	0.343553
0,1,2,0,0,2	0.00222222	0.906667	0.001513	1.4698
0,1,0,2,2,3	0.00222222	0.908889	0.003342	0.664192
0,1,0,2,3,0	0.00222222	0.911111	0.0066	0.335223
0,0,0,1,2,2	0.00222222	0.913333	0.001569	1.41726
0,1,0,2,3,3	0.00222222	0.915556	0.003133	0.708648
0,0,0,1,2,3	0.00222222	0.917778	0.00644	0.343607
0,0,1,2,2,2	0.00222222	0.92	0.001545	1.43931
0,1,1,0,0,1	0.00222222	0.922222	0.001162	1.91444
0,0,1,1,1,0	0.00222222	0.924444	0.001209	1.83993
0,1,1,0,1,0	0.00222222	0.926667	0.001184	1.87883
0,1,1,1,0,1	0.00222222	0.928889	0.001796	1.23785
0,1,1,0,1,2	0.00222222	0.931111	0.001532	1.45154
0,0,1,1,2,1	0.00222222	0.933333	0.001519	1.46398
0,1,1,0,2,2	0.00111111	0.934444	0.000823	1.35046
0,1,1,0,2,3	0.00111111	0.935556	0.003229	0.343374
0,1,1,0,2,1	0.00111111	0.936667	0.001538	0.72213
0,0,1,1,2,2	0.00111111	0.937778	0.000806	1.37897
0,1,1,1,0,2	0.00111111	0.938889	0.001576	0.704692
0,0,1,2,0,0	0.00111111	0.94	0.004635	0.238876
0,0,1,2,2,3	0.00111111	0.941111	0.003249	0.341254
0,1,0,2,3,4	0.00111111	0.942222	0.018884	0.0577919
0,1,0,2,3,2	0.00111111	0.943333	0.003246	0.34157
0,0,1,2,2,1	0.00111111	0.944444	0.000781	1.42315
0,1,1,2,0,0	0.00111111	0.945556	0.001582	0.702015
0,1,1,2,0,1	0.00111111	0.946667	0.001558	0.712846
0,0,0,1,2,1	0.00111111	0.947778	0.001491	0.744929
0,1,1,2,2,3	0.00111111	0.948889	0.003208	0.345629
0,1,1,2,3,0	0.00111111	0.95	0.003335	0.332425
0,1,1,2,3,3	0.00111111	0.951111	0.003155	0.351454
0,0,0,1,2,0	0.00111111	0.952222	0.004785	0.231353
0,1,0,2,2,2	0.00111111	0.953333	0.001559	0.712388
0,1,0,2,2,1	0.00111111	0.954444	0.000786	1.41409
0,1,2,0,1,1	0.00111111	0.955556	0.00153	0.725912
0,1,0,2,1,1	0.00111111	0.956667	0.001579	0.703351
0,1,2,0,2,1	0.00111111	0.957778	0.000767	1.44914
0,1,0,2,1,0	0.00111111	0.958889	0.001562	0.711018
0,1,2,0,2,3	0.00111111	0.96	0.003323	0.333629
0,1,0,2,0,3	0.00111111	0.961111	0.006305	0.175311
0,1,0,1,2,3	0.00111111	0.962222	0.003235	0.342735
0,1,2,0,3,2	0.00111111	0.963333	0.003209	0.345521
0,1,2,0,3,4	0.00111111	0.964444	0.018937	0.057627
0,1,2,1,0,0	0.00111111	0.965556	0.001572	0.706488
0,1,0,1,2,2	0.00111111	0.966667	0.000792	1.40337
0,1,2,1,0,3	0.00111111	0.967778	0.003305	0.335453
0,1,0,1,1,2	0.00111111	0.968889	0.001603	0.692803
0,1,2,1,1,2	0.00111111	0.97	0.001596	0.695847
0,1,0,1,0,2	0.00111111	0.971111	0.001543	0.719787
0,0,0,1,1,0	0.00111111	0.972222	0.001904	0.583104
0,0,1,2,0,2	0.00111111	0.973333	0.001638	0.677976
0,0,1,2,0,3	0.00111111	0.974444	0.006456	0.171184
0,1,0,0,2,1	0.00111111	0.975556	0.00159	0.698477
0,1,2,1,3,3	0.00111111	0.976667	0.003168	0.350007
0,0,1,2,3,2	0.00111111	0.977778	0.003203	0.346171
0,1,2,2,1,1	0.00111111	0.978889	0.001655	0.671001
0,1,2,2,1,3	0.00111111	0.98	0.003323	0.333629
0,1,0,0,1,2	0.00111111	0.981111	0.001636	0.678806
0,1,2,2,2,1	0.00111111	0.982222	0.001609	0.690216
0,1,2,2,2,2	0.00111111	0.983333	0.004802	0.23053
0,1,2,2,2,3	0.00111111	0.984444	0.006374	0.173401
0,0,1,2,3,3	0.00111111	0.985556	0.003157	0.351231
0,1,2,2,3,3	0.00111111	0.986667	0.003218	0.344552
0,1,2,2,3,4	0.00111111	0.987778	0.018863	0.0578574
0,1,2,3,0,2	0.00111111	0.988889	0.003205	0.345954
0,1,2,3,0,4	0.00111111	0.99	0.018983	0.0574847
0,1,2,3,1,2	0.00111111	0.991111	0.003083	0.359688
0,1,2,3,1,4	0.00111111	0.992222	0.019162	0.0569373
0,1,2,3,2,2	0.00111111	0.993333	0.00646	0.171078
0,1,2,3,3,0	0.00111111	0.994444	0.003281	0.337914
0,1,2,3,3,2	0.00111111	0.995556	0.003218	0.344552
0,1,2,3,4,0	0.00111111	0.996667	0.019098	0.0571318
0,1,2,3,4,3	0.00111111	0.997778	0.019184	0.0568707
0,0,1,2,1,3	0.00111111	0.998889	0.003159	0.351008
0,1,1,1,2,3	0.00111111	1	0.006456	0.171184
