model	post_prob	cumulative_post_prob	prior_prob	bf
0,0,0,0,0,0	0.134444	0.134444	0.025731	5.88126
0,1,0,1,1,0	0.0966667	0.231111	0.001199	89.1433
0,1,2,1,1,3	0.0466667	0.277778	0.006419	7.57701
0,1,2,1,1,2	0.0433333	0.321111	0.001568	28.8426
0,1,2,1,1,1	0.0322222	0.353333	0.004741	6.9895
0,1,0,1,1,2	0.0311111	0.384444	0.001591	20.1502
0,0,1,0,0,0	0.0311111	0.415556	0.007538	4.22765
0,0,1,0,0,1	0.0288889	0.444444	0.001849	16.0591
0,1,2,1,1,0	0.0266667	0.471111	0.001537	17.7978
0,1,0,0,1,0	0.0233333	0.494444	0.001914	12.4582
0,1,0,1,1,1	0.0211111	0.515556	0.001868	11.5236
0,0,1,0,0,2	0.0211111	0.536667	0.00477	4.49969
0,1,2,0,0,0	0.0133333	0.55	0.004685	2.87091
0,1,2,3,1,4	0.0133333	0.563333	0.018994	0.697949
0,1,2,3,3,4	0.0122222	0.575556	0.018876	0.643139
0,1,0,1,2,0	0.0122222	0.587778	0.001577	7.83382
0,1,2,1,3,4	0.0111111	0.598889	0.019068	0.578021
0,1,2,3,1,0	0.0111111	0.61	0.003242	3.45451
0,1,2,3,3,0	0.0111111	0.621111	0.003268	3.42694
0,1,1,1,1,1	0.0111111	0.632222	0.007423	1.50243
0,0,0,1,1,0	0.0111111	0.643333	0.001831	6.12528
0,1,0,2,1,3	0.0111111	0.654444	0.003186	3.51543
0,1,2,3,4,5	0.01	0.664444	0.152983	0.055926
0,1,0,2,1,0	0.01	0.674444	0.001575	6.40324
0,0,1,2,2,0	0.00888889	0.683333	0.001554	5.76234
0,1,2,0,1,0	0.00888889	0.692222	0.001557	5.75122
0,1,0,1,0,0	0.00777778	0.7	0.001791	4.3689
0,0,0,0,1,0	0.00777778	0.707778	0.007198	1.08118
0,1,0,2,3,4	0.00777778	0.715556	0.019161	0.40126
0,1,2,3,1,2	0.00777778	0.723333	0.00323	2.41902
0,1,0,0,2,0	0.00777778	0.731111	0.004682	1.66639
0,1,1,1,1,0	0.00666667	0.737778	0.001887	3.54994
0,1,2,0,1,3	0.00666667	0.744444	0.003221	2.07693
0,1,0,2,2,0	0.00666667	0.751111	0.00156	4.29547
0,0,0,1,0,0	0.00666667	0.757778	0.007541	0.883278
0,1,2,2,1,2	0.00666667	0.764444	0.001619	4.13869
0,1,2,3,1,1	0.00555556	0.77	0.006409	0.866093
0,1,2,0,1,2	0.00555556	0.775556	0.000788	7.084
0,1,0,0,0,0	0.00555556	0.781111	0.007316	0.758026
0,1,0,2,3,0	0.00555556	0.786667	0.006419	0.864735
0,1,2,3,4,0	0.00555556	0.792222	0.019207	0.285276
0,1,2,3,1,3	0.00555556	0.797778	0.003152	1.76681
0,1,2,1,3,2	0.00555556	0.803333	0.003265	1.70547
0,1,0,2,1,2	0.00555556	0.808889	0.000746	7.48314
0,0,1,0,2,0	0.00555556	0.814444	0.004825	1.15226
0,1,2,3,4,2	0.00555556	0.82	0.019083	0.287166
0,1,1,2,2,1	0.00555556	0.825556	0.001525	3.65775
0,1,2,1,3,0	0.00444444	0.83	0.003344	1.33055
0,0,0,0,0,1	0.00444444	0.834444	0.007341	0.603666
0,1,2,0,3,0	0.00444444	0.838889	0.00651	0.681294
0,0,1,2,2,1	0.00444444	0.843333	0.000769	5.80085
0,1,0,1,2,1	0.00333333	0.846667	0.001619	2.06243
0,1,2,3,0,4	0.00333333	0.85	0.018672	0.175773
0,1,0,1,2,3	0.00333333	0.853333	0.003131	1.06484
0,1,2,0,1,1	0.00333333	0.856667	0.001606	2.07915
0,1,2,3,3,1	0.00333333	0.86	0.003314	1.00585
0,1,2,0,0,3	0.00333333	0.863333	0.006442	0.515824
0,1,2,3,3,2	0.00333333	0.866667	0.003195	1.04344
0,0,0,1,2,0	0.00333333	0.87	0.004719	0.705382
0,0,1,1,0,1	0.00333333	0.873333	0.001251	2.6701
0,0,0,1,1,1	0.00333333	0.876667	0.001266	2.63843
0,1,2,3,3,3	0.00333333	0.88	0.006396	0.519558
0,0,0,1,0,2	0.00333333	0.883333	0.004744	0.701647
0,1,2,1,3,1	0.00333333	0.886667	0.006411	0.518334
0,1,2,1,3,3	0.00333333	0.89	0.003215	1.03693
0,0,1,2,3,4	0.00333333	0.893333	0.019295	0.16999
0,1,0,2,3,2	0.00333333	0.896667	0.003131	1.06484
0,0,1,1,2,0	0.00222222	0.898889	0.001533	1.45059
0,1,0,2,2,3	0.00222222	0.901111	0.003232	0.686873
0,1,2,3,4,4	0.00222222	0.903333	0.019055	0.114654
0,1,1,1,2,1	0.00222222	0.905556	0.004777	0.464001
0,0,1,2,0,0	0.00222222	0.907778	0.004943	0.448344
0,0,1,2,0,1	0.00222222	0.91	0.001636	1.35912
0,0,1,2,0,2	0.00222222	0.912222	0.001573	1.41365
0,1,0,2,2,2	0.00222222	0.914444	0.001521	1.46205
0,0,0,1,2,3	0.00222222	0.916667	0.006514	0.339678
0,0,1,2,0,3	0.00222222	0.918889	0.00644	0.343607
0,1,0,2,3,1	0.00222222	0.921111	0.003246	0.683901
0,1,1,2,2,0	0.00222222	0.923333	0.000834	2.66824
0,1,0,2,2,1	0.00222222	0.925556	0.000791	2.81341
0,0,1,2,2,3	0.00222222	0.927778	0.003187	0.696603
0,0,0,0,1,1	0.00222222	0.93	0.001825	1.21814
0,1,0,0,0,1	0.00222222	0.932222	0.001865	1.19197
0,1,2,0,0,2	0.00222222	0.934444	0.001558	1.42728
0,1,0,2,0,3	0.00222222	0.936667	0.006451	0.343017
0,0,0,0,1,2	0.00222222	0.938889	0.004737	0.467938
0,1,0,0,0,2	0.00222222	0.941111	0.004666	0.475092
0,1,0,1,2,2	0.00222222	0.943333	0.000807	2.75759
0,1,2,3,0,2	0.00222222	0.945556	0.003108	0.714366
0,1,2,2,3,2	0.00222222	0.947778	0.006425	0.344414
0,1,2,2,1,3	0.00222222	0.95	0.003186	0.696822
0,1,2,0,3,2	0.00222222	0.952222	0.003127	0.710012
0,1,2,0,3,4	0.00222222	0.954444	0.019313	0.113093
0,1,2,1,0,0	0.00222222	0.956667	0.001565	1.42089
0,1,0,0,1,2	0.00222222	0.958889	0.00152	1.46302
0,0,0,1,1,2	0.00111111	0.96	0.001533	0.724489
0,0,1,1,0,2	0.00111111	0.961111	0.001571	0.706938
0,1,0,1,0,1	0.00111111	0.962222	0.001197	0.928167
0,0,0,1,0,1	0.00111111	0.963333	0.001857	0.59789
0,1,2,1,2,2	0.00111111	0.964444	0.001592	0.697598
0,1,0,0,2,3	0.00111111	0.965556	0.006503	0.169939
0,1,0,0,2,2	0.00111111	0.966667	0.001484	0.748448
0,1,0,0,2,1	0.00111111	0.967778	0.001592	0.697598
0,1,2,1,0,2	0.00111111	0.968889	0.000799	1.39106
0,1,0,0,1,1	0.00111111	0.97	0.001229	0.903971
0,1,2,2,1,0	0.00111111	0.971111	0.000816	1.36206
0,0,1,1,1,2	0.00111111	0.972222	0.001646	0.674676
0,1,2,0,3,1	0.00111111	0.973333	0.003368	0.329157
0,1,2,2,2,1	0.00111111	0.974444	0.001554	0.714684
0,1,2,2,2,2	0.00111111	0.975556	0.004742	0.233461
0,1,2,2,2,3	0.00111111	0.976667	0.006423	0.17207
0,1,2,2,3,1	0.00111111	0.977778	0.003241	0.342099
0,0,1,1,0,0	0.00111111	0.978889	0.001764	0.62947
0,1,2,3,0,0	0.00111111	0.98	0.00627	0.176295
0,0,1,0,2,1	0.00111111	0.981111	0.001631	0.680891
0,1,2,3,0,3	0.00111111	0.982222	0.00316	0.350896
0,1,0,2,0,0	0.00111111	0.983333	0.004815	0.229905
0,1,0,2,0,1	0.00111111	0.984444	0.001543	0.719787
0,1,0,2,1,1	0.00111111	0.985556	0.001536	0.723072
0,0,1,2,3,3	0.00111111	0.986667	0.003328	0.333127
0,0,1,2,3,1	0.00111111	0.987778	0.00331	0.334944
0,1,1,2,3,4	0.00111111	0.988889	0.019037	0.0573184
0,1,2,3,2,1	0.00111111	0.99	0.003138	0.353364
0,1,1,2,2,3	0.00111111	0.991111	0.003419	0.32423
0,0,1,2,1,3	0.00111111	0.992222	0.003218	0.344552
0,1,1,1,2,0	0.00111111	0.993333	0.001515	0.73311
0,1,1,1,0,1	0.00111111	0.994444	0.001871	0.593408
0,1,1,1,0,0	0.00111111	0.995556	0.001212	0.916666
0,1,1,0,2,1	0.00111111	0.996667	0.001577	0.704244
0,1,1,0,1,1	0.00111111	0.997778	0.001795	0.61858
0,1,1,0,0,1	0.00111111	0.998889	0.001249	0.889478
0,0,1,1,2,3	0.00111111	1	0.003165	0.35034
