model	post_prob	cumulative_post_prob	prior_prob	bf
0,0,0,0,1,0	0.358889	0.358889	0.007367	75.4266
0,0,0,0,0,0	0.223333	0.582222	0.025634	10.9301
0,0,1,0,2,0	0.0322222	0.614444	0.004773	6.94241
0,0,0,0,1,2	0.0211111	0.635556	0.004747	4.5216
0,1,1,1,2,1	0.0177778	0.653333	0.004767	3.77874
0,0,0,1,2,0	0.0177778	0.671111	0.004732	3.80683
0,0,1,0,2,1	0.0155556	0.686667	0.001542	10.2315
0,0,1,0,1,0	0.0144444	0.701111	0.001842	7.94199
0,1,0,0,1,0	0.0133333	0.714444	0.001876	7.18985
0,0,1,0,1,1	0.0133333	0.727778	0.001222	11.045
0,1,0,0,2,0	0.0122222	0.74	0.00483	2.54942
0,1,0,0,0,0	0.0122222	0.752222	0.007287	1.68564
0,0,0,1,1,0	0.0111111	0.763333	0.001851	6.05897
0,0,0,1,0,0	0.01	0.773333	0.007345	1.36512
0,0,1,0,0,0	0.01	0.783333	0.007353	1.36363
0,1,1,0,2,1	0.00777778	0.791111	0.00158	4.95339
0,0,0,0,1,1	0.00777778	0.798889	0.001822	4.29444
0,1,1,1,0,1	0.00777778	0.806667	0.00179	4.37135
0,0,1,0,2,3	0.00666667	0.813333	0.006611	1.00848
0,1,1,1,1,1	0.00666667	0.82	0.007424	0.897304
0,1,0,1,0,1	0.00555556	0.825556	0.001189	4.69298
0,1,1,1,2,0	0.00555556	0.831111	0.001573	3.54597
0,1,0,1,2,0	0.00555556	0.836667	0.001575	3.54146
0,1,2,3,4,3	0.00444444	0.841111	0.019079	0.229525
0,1,1,1,1,0	0.00444444	0.845556	0.00179	2.48955
0,1,1,0,2,0	0.00444444	0.85	0.001581	2.81925
0,1,1,0,1,1	0.00444444	0.854444	0.001845	2.4152
0,1,0,0,2,3	0.00444444	0.858889	0.006413	0.691666
0,1,2,1,3,0	0.00444444	0.863333	0.003284	1.35494
0,1,2,0,3,0	0.00444444	0.867778	0.006382	0.695048
0,0,1,0,1,2	0.00444444	0.872222	0.001527	2.9191
0,0,1,2,3,0	0.00444444	0.876667	0.00649	0.683407
0,1,2,2,3,2	0.00444444	0.881111	0.006474	0.685107
0,1,2,0,3,1	0.00333333	0.884444	0.003174	1.05037
0,1,1,0,0,0	0.00333333	0.887778	0.001887	1.76904
0,0,1,2,3,4	0.00333333	0.891111	0.019002	0.172662
0,0,1,0,2,2	0.00333333	0.894444	0.001605	2.08044
0,0,1,1,2,3	0.00333333	0.897778	0.003188	1.04574
0,1,0,2,3,4	0.00333333	0.901111	0.019211	0.170748
0,0,1,1,2,1	0.00333333	0.904444	0.001532	2.17974
0,1,2,1,3,1	0.00333333	0.907778	0.006325	0.525427
0,0,1,1,2,0	0.00333333	0.911111	0.001583	2.1094
0,1,0,1,0,0	0.00333333	0.914444	0.001747	1.91107
0,0,0,1,2,3	0.00222222	0.916667	0.006536	0.338527
0,1,0,1,1,0	0.00222222	0.918889	0.001206	1.84452
0,1,0,1,1,1	0.00222222	0.921111	0.001824	1.21881
0,0,0,1,2,2	0.00222222	0.923333	0.001572	1.41455
0,1,0,1,2,1	0.00222222	0.925556	0.001596	1.39324
0,0,1,0,0,2	0.00222222	0.927778	0.004684	0.473258
0,1,0,2,0,3	0.00222222	0.93	0.006366	0.347627
0,1,2,1,2,2	0.00222222	0.932222	0.001586	1.40204
0,1,2,0,3,2	0.00222222	0.934444	0.003297	0.673287
0,1,0,2,3,0	0.00222222	0.936667	0.006454	0.342857
0,1,0,0,1,1	0.00222222	0.938889	0.001272	1.74869
0,0,1,2,3,2	0.00222222	0.941111	0.003108	0.714366
0,1,2,3,1,1	0.00222222	0.943333	0.006348	0.348619
0,1,2,3,4,1	0.00222222	0.945556	0.019011	0.114925
0,0,1,1,1,2	0.00222222	0.947778	0.001676	1.32663
0,1,1,2,1,1	0.00222222	0.95	0.004701	0.471538
0,0,1,1,1,1	0.00222222	0.952222	0.001897	1.17182
0,1,1,2,0,0	0.00222222	0.954444	0.001561	1.42453
0,1,1,1,2,2	0.00222222	0.956667	0.00162	1.37257
0,1,1,1,0,0	0.00222222	0.958889	0.001267	1.7556
0,0,0,0,0,1	0.00222222	0.961111	0.007238	0.305478
0,1,1,1,0,2	0.00222222	0.963333	0.001589	1.39939
0,0,0,1,2,1	0.00222222	0.965556	0.001645	1.35168
0,0,0,1,1,1	0.00222222	0.967778	0.001227	1.81291
0,0,0,1,0,1	0.00111111	0.968889	0.001912	0.580659
0,0,0,1,1,2	0.00111111	0.97	0.001636	0.678806
0,1,1,0,2,3	0.00111111	0.971111	0.003224	0.343908
0,0,1,1,1,0	0.00111111	0.972222	0.001226	0.906185
0,1,1,2,0,1	0.00111111	0.973333	0.00158	0.702905
0,1,1,0,1,2	0.00111111	0.974444	0.001576	0.704692
0,1,1,2,2,0	0.00111111	0.975556	0.000782	1.42133
0,1,1,2,2,3	0.00111111	0.976667	0.003257	0.340413
0,1,1,2,3,2	0.00111111	0.977778	0.003223	0.344016
0,1,2,0,2,0	0.00111111	0.978889	0.001554	0.714684
0,1,2,0,2,2	0.00111111	0.98	0.001611	0.689358
0,1,1,0,1,0	0.00111111	0.981111	0.001251	0.888054
0,1,1,0,0,1	0.00111111	0.982222	0.001267	0.876825
0,1,0,2,1,1	0.00111111	0.983333	0.001545	0.718853
0,1,2,1,0,2	0.00111111	0.984444	0.00078	1.42497
0,1,2,1,2,0	0.00111111	0.985556	0.00083	1.33906
0,1,0,2,1,0	0.00111111	0.986667	0.001637	0.678391
0,0,1,1,0,1	0.00111111	0.987778	0.001257	0.88381
0,1,0,0,2,2	0.00111111	0.988889	0.001623	0.684252
0,1,2,2,0,1	0.00111111	0.99	0.000797	1.39456
0,1,2,2,0,2	0.00111111	0.991111	0.001578	0.703797
0,1,2,2,0,3	0.00111111	0.992222	0.003169	0.349897
0,1,2,2,1,2	0.00111111	0.993333	0.001611	0.689358
0,1,2,2,2,0	0.00111111	0.994444	0.001622	0.684675
0,1,2,2,2,2	0.00111111	0.995556	0.004741	0.233511
0,0,1,2,2,3	0.00111111	0.996667	0.00326	0.340098
0,0,1,2,2,0	0.00111111	0.997778	0.001505	0.737989
0,0,1,1,2,2	0.00111111	0.998889	0.000759	1.46443
0,1,0,1,2,3	0.00111111	1	0.003193	0.347258
