model	post_prob	cumulative_post_prob	prior_prob	bf
0,0,0,0,1,0	0.452222	0.452222	0.007339	111.664
0,0,0,0,0,0	0.197778	0.65	0.025913	9.26751
0,0,1,0,2,0	0.0277778	0.677778	0.004743	5.99534
0,1,1,1,2,1	0.02	0.697778	0.004651	4.3675
0,0,0,1,2,0	0.0188889	0.716667	0.00459	4.1752
0,0,0,0,1,1	0.0144444	0.731111	0.001821	8.03375
0,0,0,0,1,2	0.0133333	0.744444	0.004834	2.782
0,1,1,1,0,1	0.0133333	0.757778	0.001811	7.44839
0,0,0,1,1,0	0.0122222	0.77	0.001822	6.77876
0,1,0,0,2,0	0.0122222	0.782222	0.004753	2.59092
0,1,0,0,1,0	0.0111111	0.793333	0.001816	6.17596
0,0,1,0,1,0	0.0111111	0.804444	0.001824	6.14883
0,1,1,1,1,1	0.00888889	0.813333	0.0074	1.20301
0,1,0,0,2,1	0.00888889	0.822222	0.001613	5.55124
0,1,1,0,2,0	0.00777778	0.83	0.001631	4.79826
0,1,1,0,2,1	0.00777778	0.837778	0.001625	4.816
0,0,1,0,0,0	0.00666667	0.844444	0.007414	0.898523
0,0,0,0,0,1	0.00666667	0.851111	0.007315	0.910774
0,0,1,1,2,1	0.00666667	0.857778	0.001537	4.35985
0,0,0,1,2,1	0.00555556	0.863333	0.001546	3.60799
0,0,1,1,2,0	0.00555556	0.868889	0.001533	3.63864
0,1,0,2,3,0	0.00444444	0.873333	0.006484	0.684044
0,0,1,0,1,1	0.00444444	0.877778	0.001234	3.61327
0,0,1,0,2,2	0.00444444	0.882222	0.001583	2.81568
0,1,0,1,2,0	0.00444444	0.886667	0.001607	2.77356
0,1,0,1,2,1	0.00444444	0.891111	0.001575	2.83
0,0,0,1,0,0	0.00444444	0.895556	0.007331	0.604496
0,1,1,0,0,1	0.00333333	0.898889	0.001198	2.78838
0,0,1,1,1,0	0.00333333	0.902222	0.00121	2.76069
0,1,1,1,2,2	0.00333333	0.905556	0.001597	2.09088
0,1,2,1,2,1	0.00333333	0.908889	0.001582	2.11074
0,1,0,0,2,3	0.00333333	0.912222	0.006475	0.513178
0,1,2,2,3,2	0.00333333	0.915556	0.006448	0.515341
0,1,0,0,1,2	0.00333333	0.918889	0.001574	2.12149
0,1,0,0,1,1	0.00222222	0.921111	0.001227	1.81291
0,0,1,0,2,3	0.00222222	0.923333	0.006328	0.349728
0,1,2,1,3,4	0.00222222	0.925556	0.019166	0.113977
0,1,2,1,3,2	0.00222222	0.927778	0.003238	0.685596
0,1,2,0,2,0	0.00222222	0.93	0.001681	1.32268
0,0,1,2,2,0	0.00222222	0.932222	0.001583	1.4047
0,1,1,1,1,0	0.00222222	0.934444	0.001856	1.19776
0,1,0,1,1,0	0.00222222	0.936667	0.001262	1.76257
0,1,0,1,1,1	0.00222222	0.938889	0.001891	1.17555
0,1,0,0,0,0	0.00222222	0.941111	0.007429	0.297567
0,0,0,1,1,1	0.00222222	0.943333	0.001229	1.80995
0,1,1,0,1,1	0.00222222	0.945556	0.001893	1.1743
0,1,0,2,1,0	0.00111111	0.946667	0.001612	0.688929
0,0,1,2,3,0	0.00111111	0.947778	0.006324	0.174781
0,1,0,2,3,1	0.00111111	0.948889	0.003231	0.343161
0,1,0,2,3,4	0.00111111	0.95	0.018986	0.0574754
0,1,1,0,0,0	0.00111111	0.951111	0.001814	0.612089
0,0,1,2,2,1	0.00111111	0.952222	0.000817	1.36039
0,1,0,1,2,3	0.00111111	0.953333	0.003262	0.339889
0,0,0,1,2,3	0.00111111	0.954444	0.006404	0.172583
0,0,1,2,3,1	0.00111111	0.955556	0.003271	0.338951
0,1,1,1,0,0	0.00111111	0.956667	0.001215	0.9144
0,0,0,1,0,2	0.00111111	0.957778	0.00482	0.229665
0,1,1,1,0,2	0.00111111	0.958889	0.001593	0.697159
0,1,0,1,0,2	0.00111111	0.96	0.001586	0.700241
0,0,0,1,0,1	0.00111111	0.961111	0.001811	0.613105
0,1,1,1,2,0	0.00111111	0.962222	0.001582	0.702015
0,1,0,1,0,1	0.00111111	0.963333	0.001211	0.917424
0,0,1,2,1,3	0.00111111	0.964444	0.003215	0.344874
0,1,1,1,2,3	0.00111111	0.965556	0.006275	0.176154
0,1,1,2,1,1	0.00111111	0.966667	0.004648	0.238205
0,1,1,2,2,1	0.00111111	0.967778	0.00161	0.689786
0,1,1,2,3,0	0.00111111	0.968889	0.003199	0.346605
0,1,1,2,3,1	0.00111111	0.97	0.006484	0.17044
0,1,2,0,1,0	0.00111111	0.971111	0.00159	0.698477
0,1,2,0,1,2	0.00111111	0.972222	0.0008	1.38932
0,1,0,1,0,0	0.00111111	0.973333	0.001822	0.609396
0,1,2,0,2,2	0.00111111	0.974444	0.001586	0.700241
0,1,2,0,2,3	0.00111111	0.975556	0.003107	0.356901
0,1,2,0,3,0	0.00111111	0.976667	0.006384	0.173127
0,1,2,0,3,1	0.00111111	0.977778	0.003207	0.345737
0,1,2,0,3,4	0.00111111	0.978889	0.019357	0.0563525
0,1,2,1,2,0	0.00111111	0.98	0.000772	1.43975
0,0,1,1,2,3	0.00111111	0.981111	0.003349	0.331031
0,1,2,1,2,2	0.00111111	0.982222	0.001596	0.695847
0,1,2,1,3,0	0.00111111	0.983333	0.003301	0.33586
0,1,2,1,3,1	0.00111111	0.984444	0.006433	0.1718
0,1,0,0,0,1	0.00111111	0.985556	0.001849	0.600482
0,0,1,0,0,1	0.00111111	0.986667	0.00186	0.596924
0,1,2,2,0,0	0.00111111	0.987778	0.001562	0.711018
0,1,2,2,0,2	0.00111111	0.988889	0.00158	0.702905
0,1,2,2,1,2	0.00111111	0.99	0.001552	0.715606
0,1,2,2,3,0	0.00111111	0.991111	0.003214	0.344982
0,1,2,2,3,1	0.00111111	0.992222	0.00324	0.342205
0,0,1,0,2,1	0.00111111	0.993333	0.001543	0.719787
0,1,2,2,3,3	0.00111111	0.994444	0.003236	0.342629
0,1,2,3,1,1	0.00111111	0.995556	0.006525	0.169362
0,1,2,3,2,1	0.00111111	0.996667	0.00329	0.336987
0,1,2,3,3,1	0.00111111	0.997778	0.003219	0.344444
0,1,2,3,4,1	0.00111111	0.998889	0.018927	0.057658
0,1,2,3,4,2	0.00111111	1	0.019043	0.0573
