model	post_prob	cumulative_post_prob	prior_prob	bf
0,0,1,1,1,1	0.0822222	0.0822222	0.001764	50.6975
0,0,0,1,1,1	0.0466667	0.128889	0.001243	39.3324
0,1,2,3,4,5	0.0411111	0.17	0.153034	0.237284
0,0,1,2,3,4	0.0388889	0.208889	0.018893	2.1012
0,0,1,2,2,2	0.0333333	0.242222	0.001561	22.0557
0,0,0,1,2,3	0.0322222	0.274444	0.006488	5.0985
0,0,1,1,2,1	0.0322222	0.306667	0.001585	20.9731
0,0,1,1,2,3	0.0266667	0.333333	0.003346	8.16067
0,0,1,2,2,3	0.0233333	0.356667	0.003219	7.39791
0,1,2,2,2,2	0.0233333	0.38	0.004616	5.15176
0,0,1,1,2,2	0.0233333	0.403333	0.000793	30.1032
0,0,1,1,1,2	0.0222222	0.425556	0.001574	14.4165
0,0,0,0,0,0	0.02	0.445556	0.025999	0.764551
0,0,0,1,2,2	0.02	0.465556	0.001565	13.02
0,1,2,2,3,4	0.02	0.485556	0.019111	1.04747
0,1,2,3,3,4	0.0177778	0.503333	0.018985	0.935261
0,0,0,1,2,1	0.0166667	0.52	0.001556	10.8758
0,0,1,2,3,1	0.0166667	0.536667	0.003214	5.25659
0,0,1,2,1,3	0.0166667	0.553333	0.003171	5.3281
0,0,1,2,3,2	0.0166667	0.57	0.003169	5.33147
0,1,0,0,0,0	0.0166667	0.586667	0.007438	2.26178
0,0,1,2,1,1	0.0166667	0.603333	0.001582	10.6968
0,0,0,0,1,2	0.0155556	0.618889	0.004781	3.28923
0,0,0,0,1,1	0.0155556	0.634444	0.001828	8.62827
0,0,0,1,1,2	0.0155556	0.65	0.001591	9.91591
0,0,1,2,3,3	0.0155556	0.665556	0.003336	4.72082
0,1,0,2,3,4	0.0144444	0.68	0.019047	0.754816
0,1,2,2,3,2	0.0144444	0.694444	0.006637	2.19359
0,1,1,2,3,4	0.0133333	0.707778	0.018967	0.698961
0,1,2,3,4,3	0.0133333	0.721111	0.018832	0.704069
0,1,2,2,2,3	0.0133333	0.734444	0.006526	2.05721
0,1,2,3,4,4	0.0122222	0.746667	0.018938	0.640993
0,1,2,3,3,3	0.0122222	0.758889	0.006416	1.91616
0,1,0,0,2,3	0.01	0.768889	0.006517	1.53985
0,1,1,2,3,3	0.01	0.778889	0.003156	3.19047
0,1,2,1,3,4	0.00888889	0.787778	0.018884	0.465963
0,1,2,2,3,3	0.00888889	0.796667	0.003138	2.8491
0,1,0,2,2,2	0.00777778	0.804444	0.001604	4.87916
0,1,2,3,2,2	0.00777778	0.812222	0.006446	1.20822
0,1,1,2,2,3	0.00666667	0.818889	0.00319	2.09718
0,1,0,2,3,3	0.00666667	0.825556	0.003327	2.01054
0,1,1,2,2,2	0.00666667	0.832222	0.001577	4.2491
0,1,2,3,2,4	0.00666667	0.838889	0.019159	0.343589
0,0,1,2,2,1	0.00555556	0.844444	0.000752	7.42339
0,0,1,0,2,3	0.00555556	0.85	0.006349	0.87433
0,1,2,3,4,2	0.00555556	0.855556	0.019032	0.28795
0,1,0,0,0,2	0.00555556	0.861111	0.004776	1.16414
0,1,0,0,2,0	0.00555556	0.866667	0.004766	1.16659
0,0,0,1,0,1	0.00555556	0.872222	0.001823	3.05892
0,0,0,0,0,1	0.00555556	0.877778	0.00725	0.764978
0,1,0,0,2,2	0.00555556	0.883333	0.001597	3.49259
0,0,1,2,1,2	0.00444444	0.887778	0.000801	5.56893
0,1,0,2,3,2	0.00444444	0.892222	0.003322	1.33939
0,1,1,2,1,1	0.00444444	0.896667	0.004624	0.960995
0,1,1,1,2,2	0.00444444	0.901111	0.001621	2.74957
0,1,1,1,1,2	0.00444444	0.905556	0.004725	0.940358
0,1,2,1,3,3	0.00333333	0.908889	0.003219	1.03564
0,1,1,0,0,0	0.00333333	0.912222	0.001837	1.81728
0,1,2,3,1,1	0.00333333	0.915556	0.006473	0.513337
0,1,1,1,2,3	0.00333333	0.918889	0.006284	0.528877
0,1,2,1,1,3	0.00333333	0.922222	0.00652	0.509613
0,1,0,2,0,0	0.00333333	0.925556	0.004697	0.708702
0,1,2,0,0,3	0.00333333	0.928889	0.006303	0.527273
0,0,1,0,1,1	0.00222222	0.931111	0.001216	1.82933
0,1,2,0,0,0	0.00222222	0.933333	0.004645	0.47725
0,1,2,0,3,2	0.00222222	0.935556	0.003211	0.69138
0,0,1,0,1,0	0.00222222	0.937778	0.001821	1.22082
0,0,1,0,1,2	0.00222222	0.94	0.001551	1.43373
0,1,2,1,2,2	0.00222222	0.942222	0.001647	1.35003
0,0,1,0,2,0	0.00222222	0.944444	0.004687	0.472953
0,1,2,1,3,2	0.00222222	0.946667	0.003341	0.664391
0,1,1,2,1,3	0.00222222	0.948889	0.006376	0.347078
0,1,2,1,3,1	0.00222222	0.951111	0.00651	0.339888
0,1,2,0,0,2	0.00222222	0.953333	0.001606	1.38455
0,1,1,2,3,2	0.00111111	0.954444	0.003259	0.340203
0,1,1,2,0,2	0.00111111	0.955556	0.00076	1.4625
0,1,1,1,2,1	0.00111111	0.956667	0.004837	0.228854
0,1,1,1,1,1	0.00111111	0.957778	0.007269	0.151914
0,1,1,1,0,0	0.00111111	0.958889	0.001221	0.909901
0,1,1,0,2,3	0.00111111	0.96	0.003195	0.34704
0,1,2,0,2,0	0.00111111	0.961111	0.001546	0.718388
0,1,2,0,2,2	0.00111111	0.962222	0.001536	0.723072
0,1,2,0,3,0	0.00111111	0.963333	0.006439	0.171639
0,1,1,0,2,2	0.00111111	0.964444	0.000807	1.37726
0,1,2,0,3,3	0.00111111	0.965556	0.003145	0.352575
0,1,2,0,3,4	0.00111111	0.966667	0.018988	0.0574692
0,1,2,1,0,0	0.00111111	0.967778	0.001548	0.717458
0,1,1,0,2,1	0.00111111	0.968889	0.001592	0.697598
0,1,1,0,2,0	0.00111111	0.97	0.001561	0.711474
0,0,1,0,0,0	0.00111111	0.971111	0.007197	0.153445
0,1,0,2,3,0	0.00111111	0.972222	0.006505	0.169886
0,1,0,2,2,3	0.00111111	0.973333	0.003234	0.342842
0,1,0,2,2,0	0.00111111	0.974444	0.00166	0.668976
0,1,2,2,0,0	0.00111111	0.975556	0.001625	0.683409
0,1,2,2,0,3	0.00111111	0.976667	0.003176	0.349123
0,1,0,2,1,3	0.00111111	0.977778	0.003185	0.348133
0,1,0,2,1,2	0.00111111	0.978889	0.000808	1.37555
0,1,0,1,2,3	0.00111111	0.98	0.003138	0.353364
0,1,0,1,1,2	0.00111111	0.981111	0.00159	0.698477
0,1,0,1,1,1	0.00111111	0.982222	0.001811	0.613105
0,1,2,3,0,0	0.00111111	0.983333	0.006483	0.170467
0,1,2,3,0,4	0.00111111	0.984444	0.019113	0.0570861
0,1,2,3,1,0	0.00111111	0.985556	0.003216	0.344767
0,1,0,0,2,1	0.00111111	0.986667	0.001537	0.722601
0,1,2,3,2,1	0.00111111	0.987778	0.003327	0.333227
0,1,0,0,1,2	0.00111111	0.988889	0.001587	0.699799
0,0,0,0,1,0	0.00111111	0.99	0.007343	0.150372
0,1,2,3,3,2	0.00111111	0.991111	0.003236	0.342629
0,0,1,2,3,0	0.00111111	0.992222	0.006501	0.169992
0,0,0,1,2,0	0.00111111	0.993333	0.004757	0.232721
0,1,2,3,4,0	0.00111111	0.994444	0.018945	0.0576022
0,1,2,3,4,1	0.00111111	0.995556	0.019052	0.0572724
0,0,1,1,0,1	0.00111111	0.996667	0.001173	0.94718
0,0,1,0,2,2	0.00111111	0.997778	0.001637	0.678391
0,0,1,0,0,2	0.00111111	0.998889	0.004931	0.22447
0,1,1,0,0,1	0.00111111	1	0.001174	0.946372
