model	post_prob	cumulative_post_prob	prior_prob	bf
0,0,0,0,0,0	0.452222	0.452222	0.026006	30.9193
0,0,0,1,0,0	0.0477778	0.5	0.007383	6.74585
0,1,0,0,0,0	0.0344444	0.534444	0.007443	4.75718
0,0,0,0,1,0	0.0266667	0.561111	0.007429	3.66048
0,0,1,0,0,0	0.0266667	0.587778	0.007355	3.69759
0,1,1,1,1,1	0.0255556	0.613333	0.007482	3.47896
0,0,0,0,0,1	0.0144444	0.627778	0.007261	2.00382
0,0,0,0,1,1	0.0133333	0.641111	0.001848	7.29899
0,0,0,1,1,0	0.0122222	0.653333	0.001859	6.6436
0,0,1,2,0,0	0.0122222	0.665556	0.004732	2.60247
0,1,1,0,1,1	0.00888889	0.674444	0.00189	4.73633
0,1,0,0,0,1	0.00888889	0.683333	0.001919	4.66462
0,1,0,0,1,1	0.00666667	0.69	0.00124	5.40572
0,1,1,1,1,2	0.00666667	0.696667	0.004677	1.42827
0,1,1,0,0,0	0.00666667	0.703333	0.001896	3.53306
0,1,0,0,1,0	0.00666667	0.71	0.001795	3.73224
0,1,0,1,1,1	0.00666667	0.716667	0.001862	3.5977
0,0,0,0,1,2	0.00666667	0.723333	0.004851	1.3768
0,0,1,0,0,1	0.00666667	0.73	0.001798	3.726
0,1,0,0,0,2	0.00555556	0.735556	0.00484	1.14867
0,1,1,2,1,1	0.00555556	0.741111	0.004746	1.17153
0,1,0,1,0,0	0.00555556	0.746667	0.001777	3.13825
0,0,1,0,0,2	0.00555556	0.752222	0.004733	1.17476
0,0,1,0,1,1	0.00555556	0.757778	0.0012	4.64991
0,1,2,2,2,2	0.00555556	0.763333	0.004628	1.20154
0,0,1,1,1,1	0.00555556	0.768889	0.001881	2.96443
0,0,1,1,1,0	0.00444444	0.773333	0.00125	3.56696
0,1,0,2,0,1	0.00444444	0.777778	0.001604	2.77876
0,1,0,0,2,0	0.00444444	0.782222	0.004653	0.954978
0,0,0,1,0,2	0.00444444	0.786667	0.004779	0.929682
0,1,1,1,1,0	0.00444444	0.791111	0.001753	2.54219
0,1,2,0,0,0	0.00444444	0.795556	0.004703	0.944778
0,1,1,2,2,1	0.00444444	0.8	0.001594	2.79622
0,0,1,1,0,0	0.00444444	0.804444	0.001773	2.51346
0,1,1,0,2,1	0.00444444	0.808889	0.00158	2.82103
0,0,1,0,2,0	0.00444444	0.813333	0.004699	0.945586
0,0,1,0,1,0	0.00444444	0.817778	0.00181	2.46199
0,0,0,1,2,2	0.00444444	0.822222	0.001469	3.03453
0,0,0,1,2,0	0.00333333	0.825556	0.004676	0.7119
0,0,0,1,1,1	0.00333333	0.828889	0.001283	2.60342
0,0,1,2,3,0	0.00333333	0.832222	0.006541	0.507966
0,1,1,1,0,1	0.00333333	0.835556	0.001859	1.79573
0,0,1,2,0,3	0.00333333	0.838889	0.00651	0.510401
0,1,0,0,1,2	0.00333333	0.842222	0.001562	2.13781
0,0,0,1,0,1	0.00333333	0.845556	0.001793	1.86195
0,1,2,0,1,0	0.00333333	0.848889	0.001547	2.15857
0,1,2,0,3,0	0.00333333	0.852222	0.006427	0.517035
0,1,2,1,0,0	0.00333333	0.855556	0.001544	2.16277
0,1,2,1,1,1	0.00333333	0.858889	0.004657	0.714818
0,0,1,1,0,1	0.00333333	0.862222	0.001281	2.60749
0,1,0,1,1,0	0.00222222	0.864444	0.001242	1.79099
0,1,0,1,2,1	0.00222222	0.866667	0.001551	1.43373
0,1,2,1,1,2	0.00222222	0.868889	0.001456	1.52742
0,1,0,1,0,1	0.00222222	0.871111	0.001227	1.81291
0,1,2,3,1,1	0.00222222	0.873333	0.006243	0.35452
0,1,2,1,1,0	0.00222222	0.875556	0.001657	1.34187
0,1,2,3,1,2	0.00222222	0.877778	0.00317	0.700351
0,1,0,2,1,1	0.00222222	0.88	0.001626	1.3675
0,1,0,2,2,0	0.00222222	0.882222	0.001655	1.3435
0,1,2,1,2,2	0.00222222	0.884444	0.001583	1.4047
0,1,2,0,1,3	0.00222222	0.886667	0.003103	0.715521
0,1,2,2,0,0	0.00222222	0.888889	0.001599	1.39063
0,1,0,2,3,1	0.00222222	0.891111	0.003268	0.679282
0,1,2,3,4,4	0.00222222	0.893333	0.018872	0.115787
0,1,0,2,3,4	0.00222222	0.895556	0.018897	0.115631
0,0,1,1,0,2	0.00222222	0.897778	0.001567	1.41907
0,1,1,0,0,1	0.00222222	0.9	0.001227	1.81291
0,1,1,0,1,0	0.00222222	0.902222	0.001296	1.71627
0,1,2,2,3,0	0.00222222	0.904444	0.003257	0.681584
0,1,1,2,3,4	0.00222222	0.906667	0.019146	0.114099
0,0,1,2,2,2	0.00222222	0.908889	0.001599	1.39063
0,1,1,2,3,1	0.00222222	0.911111	0.00638	0.346859
0,1,1,1,0,0	0.00222222	0.913333	0.001219	1.82482
0,1,2,3,0,2	0.00222222	0.915556	0.003257	0.681584
0,0,1,2,1,0	0.00222222	0.917778	0.001535	1.4487
0,0,1,2,0,2	0.00222222	0.92	0.001589	1.39939
0,0,1,2,0,1	0.00222222	0.922222	0.001549	1.43559
0,1,2,3,4,2	0.00222222	0.924444	0.019164	0.113989
0,1,1,2,1,3	0.00222222	0.926667	0.006243	0.35452
0,1,1,1,2,2	0.00222222	0.928889	0.001648	1.34921
0,1,2,3,3,4	0.00222222	0.931111	0.019407	0.112534
0,1,1,2,0,1	0.00111111	0.932222	0.001548	0.717458
0,1,1,2,0,3	0.00111111	0.933333	0.003197	0.346822
0,1,1,2,1,0	0.00111111	0.934444	0.001631	0.680891
0,1,1,1,2,3	0.00111111	0.935556	0.006464	0.170971
0,1,1,2,1,2	0.00111111	0.936667	0.001573	0.706038
0,1,1,1,2,1	0.00111111	0.937778	0.004749	0.233115
0,1,1,1,0,2	0.00111111	0.938889	0.001526	0.727818
0,1,1,2,2,2	0.00111111	0.94	0.001674	0.663372
0,1,1,0,2,2	0.00111111	0.941111	0.000817	1.36039
0,1,1,0,2,0	0.00111111	0.942222	0.001575	0.70514
0,1,0,2,3,2	0.00111111	0.943333	0.003237	0.342523
0,1,2,0,0,1	0.00111111	0.944444	0.001603	0.692803
0,1,2,0,0,2	0.00111111	0.945556	0.001593	0.697159
0,1,2,0,0,3	0.00111111	0.946667	0.00638	0.173237
0,1,0,2,3,0	0.00111111	0.947778	0.006277	0.176098
0,1,2,0,1,2	0.00111111	0.948889	0.000758	1.46636
0,1,0,2,2,3	0.00111111	0.95	0.003213	0.34509
0,1,2,0,2,2	0.00111111	0.951111	0.001593	0.697159
0,1,2,0,2,3	0.00111111	0.952222	0.003309	0.335046
0,1,0,2,2,2	0.00111111	0.953333	0.001617	0.686796
0,1,2,0,3,1	0.00111111	0.954444	0.003277	0.338328
0,1,0,2,1,0	0.00111111	0.955556	0.001557	0.713305
0,1,2,1,0,1	0.00111111	0.956667	0.001531	0.725437
0,1,2,1,0,3	0.00111111	0.957778	0.003209	0.345521
0,1,0,2,0,3	0.00111111	0.958889	0.006454	0.171238
0,1,0,2,0,0	0.00111111	0.96	0.004759	0.232623
0,1,0,1,2,3	0.00111111	0.961111	0.003231	0.343161
0,1,2,1,2,1	0.00111111	0.962222	0.001596	0.695847
0,1,0,0,2,3	0.00111111	0.963333	0.006499	0.170044
0,1,2,1,3,1	0.00111111	0.964444	0.0065	0.170018
0,1,2,1,3,2	0.00111111	0.965556	0.00327	0.339055
0,1,0,0,2,1	0.00111111	0.966667	0.001613	0.688501
0,1,2,2,0,2	0.00111111	0.967778	0.00163	0.681309
0,1,2,2,0,3	0.00111111	0.968889	0.003137	0.353477
0,1,2,2,1,0	0.00111111	0.97	0.000796	1.39631
0,1,2,2,1,3	0.00111111	0.971111	0.003263	0.339785
0,1,2,2,2,0	0.00111111	0.972222	0.001605	0.691939
0,1,2,2,2,1	0.00111111	0.973333	0.001531	0.725437
0,0,1,2,3,2	0.00111111	0.974444	0.003179	0.348792
0,0,1,2,3,1	0.00111111	0.975556	0.003162	0.350674
0,1,2,2,3,1	0.00111111	0.976667	0.003202	0.346279
0,1,2,3,0,0	0.00111111	0.977778	0.006508	0.169808
0,1,2,3,0,1	0.00111111	0.978889	0.003133	0.35393
0,0,1,2,1,3	0.00111111	0.98	0.003174	0.349344
0,1,2,3,0,4	0.00111111	0.981111	0.018821	0.057989
0,1,2,3,1,0	0.00111111	0.982222	0.003063	0.362044
0,0,1,1,2,2	0.00111111	0.983333	0.00075	1.48202
0,0,1,0,2,2	0.00111111	0.984444	0.001593	0.697159
0,1,2,3,1,3	0.00111111	0.985556	0.003259	0.340203
0,1,2,3,1,4	0.00111111	0.986667	0.019033	0.0573307
0,1,2,3,2,1	0.00111111	0.987778	0.003231	0.343161
0,1,2,3,2,2	0.00111111	0.988889	0.00654	0.168971
0,1,2,3,3,1	0.00111111	0.99	0.003186	0.348024
0,1,2,3,3,2	0.00111111	0.991111	0.003198	0.346713
0,1,2,3,3,3	0.00111111	0.992222	0.006361	0.173757
0,0,1,0,2,1	0.00111111	0.993333	0.00157	0.707389
0,1,2,3,4,0	0.00111111	0.994444	0.018799	0.0580582
0,1,2,3,4,1	0.00111111	0.995556	0.018981	0.0574908
0,0,1,0,1,2	0.00111111	0.996667	0.001542	0.720254
0,1,2,3,4,3	0.00111111	0.997778	0.019008	0.0574076
0,0,0,1,2,3	0.00111111	0.998889	0.006447	0.171425
0,1,2,3,4,5	0.00111111	1	0.153518	0.00613336
