model	post_prob	cumulative_post_prob	prior_prob	bf
0,0,0,1,1,1	0.0911111	0.0911111	0.001199	83.5065
0,0,1,2,3,4	0.06	0.151111	0.019237	3.25424
0,0,0,1,2,3	0.06	0.211111	0.006476	9.79253
0,0,0,1,1,2	0.0566667	0.267778	0.001615	37.1354
0,1,2,3,4,5	0.0533333	0.321111	0.153405	0.310912
0,0,0,1,2,2	0.0444444	0.365556	0.001607	28.8966
0,0,0,1,2,1	0.0411111	0.406667	0.001621	26.406
0,1,0,2,3,4	0.0311111	0.437778	0.018757	1.67979
0,1,1,2,2,2	0.0311111	0.468889	0.001586	20.2138
0,1,1,2,3,4	0.0311111	0.5	0.01921	1.63942
0,0,1,2,2,2	0.0311111	0.531111	0.001585	20.2266
0,0,1,2,2,3	0.0244444	0.555556	0.003145	7.94218
0,0,1,2,3,2	0.0233333	0.578889	0.003301	7.21355
0,1,2,3,3,4	0.0233333	0.602222	0.018946	1.2371
0,0,1,2,3,3	0.02	0.622222	0.003201	6.35515
0,0,1,1,1,2	0.02	0.642222	0.001572	12.9619
0,1,2,3,3,3	0.0177778	0.66	0.006422	2.80027
0,1,0,2,2,2	0.0177778	0.677778	0.001588	11.3796
0,0,1,1,2,3	0.0177778	0.695556	0.003243	5.56301
0,1,1,2,2,3	0.0177778	0.713333	0.003133	5.75897
0,0,1,1,1,1	0.0177778	0.731111	0.001848	9.77603
0,1,2,3,4,3	0.0177778	0.748889	0.018875	0.940817
0,0,1,2,1,3	0.0155556	0.764444	0.003219	4.89298
0,1,2,3,4,4	0.0155556	0.78	0.019177	0.808173
0,1,0,2,2,3	0.0144444	0.794444	0.003153	4.63366
0,1,1,2,3,3	0.0133333	0.807778	0.003231	4.16894
0,1,2,3,2,4	0.0111111	0.818889	0.019118	0.57648
0,1,1,2,3,2	0.0111111	0.83	0.003242	3.45451
0,0,1,1,2,2	0.01	0.84	0.000798	12.6478
0,0,1,2,1,2	0.01	0.85	0.000776	13.0067
0,1,2,2,3,4	0.01	0.86	0.019306	0.513105
0,1,2,2,2,3	0.00888889	0.868889	0.006474	1.37636
0,1,0,2,3,3	0.00888889	0.877778	0.003215	2.78065
0,1,0,2,3,2	0.00777778	0.885556	0.003173	2.46261
0,0,0,0,1,1	0.00777778	0.893333	0.001855	4.2179
0,1,2,2,2,2	0.00555556	0.898889	0.004859	1.14415
0,1,2,2,3,2	0.00444444	0.903333	0.006501	0.682243
0,0,0,1,0,2	0.00444444	0.907778	0.00481	0.923662
0,0,0,1,0,1	0.00444444	0.912222	0.001811	2.46063
0,0,0,0,0,1	0.00444444	0.916667	0.007472	0.593004
0,1,1,2,0,2	0.00333333	0.92	0.000747	4.47387
0,0,1,2,3,1	0.00333333	0.923333	0.003232	1.03146
0,0,1,2,1,1	0.00333333	0.926667	0.001606	2.07915
0,0,0,0,1,2	0.00333333	0.93	0.004598	0.724033
0,1,2,3,1,4	0.00333333	0.933333	0.018799	0.174563
0,1,0,2,0,3	0.00333333	0.936667	0.00644	0.515985
0,1,1,1,2,3	0.00333333	0.94	0.006355	0.522931
0,1,1,1,1,2	0.00333333	0.943333	0.004773	0.697364
0,1,1,0,2,3	0.00222222	0.945556	0.003161	0.702351
0,1,1,1,1,1	0.00222222	0.947778	0.007445	0.296923
0,0,1,1,2,1	0.00222222	0.95	0.001539	1.44493
0,1,0,0,0,0	0.00222222	0.952222	0.0074	0.298742
0,1,0,1,1,2	0.00222222	0.954444	0.001618	1.37427
0,1,1,0,0,0	0.00222222	0.956667	0.001839	1.20885
0,0,0,0,0,0	0.00222222	0.958889	0.025894	0.0837839
0,1,0,1,2,3	0.00222222	0.961111	0.003211	0.69138
0,1,1,2,1,2	0.00222222	0.963333	0.001615	1.37683
0,1,1,2,1,3	0.00111111	0.964444	0.006451	0.171318
0,1,0,2,1,2	0.00111111	0.965556	0.000748	1.48598
0,1,0,2,1,1	0.00111111	0.966667	0.001562	0.711018
0,1,0,2,0,2	0.00111111	0.967778	0.001568	0.708293
0,1,1,2,0,3	0.00111111	0.968889	0.003166	0.350229
0,1,0,1,2,2	0.00111111	0.97	0.0008	1.38932
0,1,2,0,0,0	0.00111111	0.971111	0.00464	0.238618
0,1,2,0,3,2	0.00111111	0.972222	0.003249	0.341254
0,1,2,1,1,1	0.00111111	0.973333	0.004792	0.231013
0,1,2,1,1,2	0.00111111	0.974444	0.001527	0.72734
0,1,2,1,1,3	0.00111111	0.975556	0.00648	0.170546
0,1,2,1,3,3	0.00111111	0.976667	0.003128	0.354497
0,1,0,2,1,3	0.00111111	0.977778	0.003296	0.336372
0,1,2,2,0,0	0.00111111	0.978889	0.001628	0.682148
0,1,2,2,1,3	0.00111111	0.98	0.003225	0.343801
0,1,2,2,2,0	0.00111111	0.981111	0.001618	0.68637
0,1,1,1,2,2	0.00111111	0.982222	0.001601	0.69367
0,1,0,0,2,3	0.00111111	0.983333	0.00642	0.17215
0,1,0,0,2,2	0.00111111	0.984444	0.001623	0.684252
0,1,2,2,3,3	0.00111111	0.985556	0.003228	0.343481
0,1,0,0,0,2	0.00111111	0.986667	0.00474	0.23356
0,1,2,3,0,0	0.00111111	0.987778	0.006536	0.169075
0,1,2,3,0,4	0.00111111	0.988889	0.019026	0.0573522
0,1,2,3,1,1	0.00111111	0.99	0.006473	0.170732
0,1,1,1,2,1	0.00111111	0.991111	0.004656	0.237794
0,1,2,3,2,2	0.00111111	0.992222	0.006391	0.172937
0,0,1,2,2,1	0.00111111	0.993333	0.000847	1.31217
0,1,1,0,0,2	0.00111111	0.994444	0.00159	0.698477
0,0,1,0,2,3	0.00111111	0.995556	0.006379	0.173264
0,1,2,3,4,2	0.00111111	0.996667	0.018855	0.0578825
0,0,1,0,1,2	0.00111111	0.997778	0.001565	0.709653
0,0,1,0,0,0	0.00111111	0.998889	0.007446	0.148276
0,1,2,1,3,4	0.00111111	1	0.018992	0.0574569
