Run	Prob_1_Event	Prob_2_Events	Prob_3_Events	Prob_4_Events	Prob_5_Events	Prob_6_Events	Mean_Divergence_PopA_PopB	Mean_Divergence_PopC_PopD	Mean_Divergence_PopE_PopF	Mean_Divergence_PopG_PopH	Mean_Divergence_PopI_PopJ	Mean_Divergence_PopK_PopL	Gene_Length	Population_Size	Mutation_Rate	Samples_Simulated_Per_Pop	True_Number_Events	True_Divergence_PopA_PopB	True_Divergence_PopC_PopD	True_Divergence_PopE_PopF	True_Divergence_PopG_PopH	True_Divergence_PopI_PopJ	True_Divergence_PopK_PopL
1	0.957043	0.040959	0.000999	0	0	0.000999	0.000019	0.000011	0.000011	0.000011	0.000011	0.000011	1000	10000	1.00E-08	10	6	10000	30000	50000	70000	90000	110000
2	0.967033	0.030969	0.000999	0	0	0.000999	0.000012	0.000012	0.000012	0.000012	0.000012	0.000013	1000	10000	1.00E-08	10	6	10000	30000	50000	70000	90000	110000
3	0.951049	0.045954	0.001998	0	0	0.000999	0.000014	0.000015	0.000016	0.000014	0.000019	0.000014	1000	10000	1.00E-08	10	6	10000	30000	50000	70000	90000	110000
4	0.976024	0.021978	0.000999	0	0	0.000999	0.000019	0.000017	0.000017	0.000017	0.000017	0.000018	1000	10000	1.00E-08	10	6	10000	30000	50000	70000	90000	110000
5	0.903097	0.095904	0	0	0	0.000999	0.000016	0.000016	0.000032	0.000016	0.000016	0.000019	1000	10000	1.00E-08	10	6	10000	30000	50000	70000	90000	110000
6	0.961039	0.036963	0.000999	0	0	0.000999	0.00001	0.00001	0.000013	0.00001	0.000016	0.00001	1000	10000	1.00E-08	10	6	10000	30000	50000	70000	90000	110000
7	0.896104	0.095904	0.006993	0	0	0.000999	0.000026	0.000055	0.000026	0.000026	0.000029	0.000039	1000	10000	1.00E-08	10	6	10000	30000	50000	70000	90000	110000
8	0.891109	0.098901	0.008991	0	0	0.000999	0.000029	0.000042	0.000029	0.000043	0.000028	0.000028	1000	10000	1.00E-08	10	6	10000	30000	50000	70000	90000	110000
9	0.805195	0.185814	0.007992	0	0	0.000999	0.000112	0.00002	0.000011	0.000011	0.000011	0.000012	1000	10000	1.00E-08	10	6	10000	30000	50000	70000	90000	110000
10	0.968032	0.02997	0.000999	0	0	0.000999	0.00001	0.00001	0.00001	0.000013	0.00001	0.00001	1000	10000	1.00E-08	10	6	10000	30000	50000	70000	90000	110000
11	0.952048	0.046953	0	0	0	0.000999	0.000016	0.000015	0.000027	0.000015	0.000016	0.000015	1000	10000	1.00E-08	10	6	10000	30000	50000	70000	90000	110000
12	0.977023	0.020979	0.000999	0	0	0.000999	0.000011	0.000012	0.000011	0.000011	0.000012	0.000012	1000	10000	1.00E-08	10	6	10000	30000	50000	70000	90000	110000
13	0.967033	0.030969	0.000999	0	0	0.000999	0.000008	0.000007	0.000013	0.000008	0.000007	0.000008	1000	10000	1.00E-08	10	6	10000	30000	50000	70000	90000	110000
14	0.806194	0.185814	0.005994	0.000999	0	0.000999	0.000025	0.000027	0.000034	0.000025	0.000026	0.00007	1000	10000	1.00E-08	10	6	10000	30000	50000	70000	90000	110000
15	0.947053	0.051948	0	0	0	0.000999	0.00001	0.00001	0.000011	0.00001	0.000024	0.00001	1000	10000	1.00E-08	10	6	10000	30000	50000	70000	90000	110000
16	0.949051	0.047952	0.001998	0	0	0.000999	0.00002	0.000021	0.000026	0.000021	0.00002	0.000024	1000	10000	1.00E-08	10	6	10000	30000	50000	70000	90000	110000
17	0.832168	0.155844	0.010989	0	0	0.000999	0.000021	0.000066	0.000028	0.000021	0.000037	0.000021	1000	10000	1.00E-08	10	6	10000	30000	50000	70000	90000	110000
18	0.886114	0.108891	0.003996	0	0	0.000999	0.000052	0.000041	0.000041	0.000045	0.000052	0.00004	1000	10000	1.00E-08	10	6	10000	30000	50000	70000	90000	110000
19	0.961039	0.035964	0.001998	0	0	0.000999	0.000019	0.000012	0.000013	0.000012	0.000012	0.000021	1000	10000	1.00E-08	10	6	10000	30000	50000	70000	90000	110000
20	0.935065	0.05994	0.003996	0	0	0.000999	0.000019	0.000012	0.000022	0.000012	0.000013	0.000012	1000	10000	1.00E-08	10	6	10000	30000	50000	70000	90000	110000
21	0.89011	0.100899	0.007992	0	0	0.000999	0.00006	0.000047	0.000073	0.000047	0.000047	0.000047	1000	10000	1.00E-08	10	6	10000	30000	50000	70000	90000	110000
22	0.921079	0.071928	0.005994	0	0	0.000999	0.000014	0.000014	0.000015	0.000015	0.000014	0.000036	1000	10000	1.00E-08	10	6	10000	30000	50000	70000	90000	110000
24	0.959041	0.038961	0.000999	0	0	0.000999	0.000012	0.000013	0.000012	0.000032	0.000012	0.000014	1000	10000	1.00E-08	10	6	10000	30000	50000	70000	90000	110000
25	0.962038	0.035964	0.000999	0	0	0.000999	0.000009	0.000015	0.000009	0.000018	0.000009	0.000009	1000	10000	1.00E-08	10	6	10000	30000	50000	70000	90000	110000
26	0.891109	0.0999	0.007992	0	0	0.000999	0.000008	0.000017	0.000009	0.00001	0.000009	0.000009	1000	10000	1.00E-08	10	6	10000	30000	50000	70000	90000	110000
27	0.969031	0.028971	0.000999	0	0	0.000999	0.000022	0.000019	0.000018	0.000018	0.000018	0.000055	1000	10000	1.00E-08	10	6	10000	30000	50000	70000	90000	110000
28	0.963037	0.034965	0.000999	0	0	0.000999	0.000012	0.000012	0.000012	0.000012	0.000012	0.000012	1000	10000	1.00E-08	10	6	10000	30000	50000	70000	90000	110000
29	0.921079	0.076923	0.000999	0	0	0.000999	0.000007	0.000013	0.000008	0.000007	0.000006	0.000007	1000	10000	1.00E-08	10	6	10000	30000	50000	70000	90000	110000
30	0.944056	0.052947	0.001998	0	0	0.000999	0.000012	0.000032	0.000021	0.000012	0.000012	0.000012	1000	10000	1.00E-08	10	6	10000	30000	50000	70000	90000	110000