model	post_prob	cumulative_post_prob	prior_prob	bf
0,0,0,0,0,1	0.165556	0.165556	0.007304	26.9651
0,0,0,1,0,2	0.117778	0.283333	0.004769	27.8601
0,0,0,1,0,1	0.102222	0.385556	0.001819	62.4817
0,0,0,1,1,2	0.03	0.415556	0.001547	19.9612
0,0,0,0,0,0	0.0288889	0.444444	0.025913	1.11826
0,0,0,1,1,1	0.0288889	0.473333	0.001281	23.193
0,0,0,1,2,3	0.0266667	0.5	0.006493	4.19211
0,0,0,1,2,1	0.0222222	0.522222	0.001565	14.4995
0,0,0,0,1,2	0.0211111	0.543333	0.00478	4.49023
0,1,0,2,0,3	0.0166667	0.56	0.006412	2.6264
0,0,1,0,0,2	0.0155556	0.575556	0.004757	3.3059
0,1,0,0,0,2	0.0144444	0.59	0.004669	3.12438
0,0,1,2,0,3	0.0133333	0.603333	0.006543	2.05183
0,1,1,1,1,2	0.0133333	0.616667	0.00473	2.84347
0,1,1,2,1,3	0.0122222	0.628889	0.006299	1.95198
0,1,0,2,1,3	0.0111111	0.64	0.003212	3.48688
0,1,1,2,1,2	0.0111111	0.651111	0.001592	7.04652
0,1,0,1,0,2	0.0111111	0.662222	0.00157	7.14542
0,1,0,2,3,4	0.0111111	0.673333	0.01917	0.574886
0,1,0,2,0,2	0.01	0.683333	0.001594	6.32679
0,1,1,2,0,3	0.01	0.693333	0.003165	3.18137
0,1,0,2,2,3	0.00888889	0.702222	0.003277	2.72787
0,1,0,1,1,2	0.00777778	0.71	0.001689	4.63322
0,1,1,2,0,2	0.00777778	0.717778	0.000763	10.2657
0,0,0,1,0,0	0.00777778	0.725556	0.007292	1.06714
0,1,2,0,0,3	0.00777778	0.733333	0.006372	1.22235
0,1,1,2,3,4	0.00777778	0.741111	0.019084	0.402911
0,1,1,1,1,1	0.00777778	0.748889	0.007316	1.06361
0,1,1,2,2,3	0.00666667	0.755556	0.003186	2.09982
0,0,1,2,3,4	0.00666667	0.762222	0.018984	0.346818
0,1,1,0,1,2	0.00666667	0.768889	0.001535	4.36554
0,0,1,1,1,2	0.00666667	0.775556	0.001601	4.1853
0,0,1,0,1,2	0.00666667	0.782222	0.001584	4.23029
0,1,2,3,4,5	0.00666667	0.788889	0.153062	0.0371362
0,1,0,1,0,1	0.00666667	0.795556	0.001272	5.26955
0,1,2,3,1,4	0.00555556	0.801111	0.019088	0.287089
0,0,1,2,2,3	0.00555556	0.806667	0.003292	1.69143
0,1,0,1,1,1	0.00555556	0.812222	0.001855	3.00605
0,0,1,2,0,2	0.00555556	0.817778	0.001576	3.53921
0,0,1,0,2,3	0.00555556	0.823333	0.006314	0.879208
0,1,1,2,3,3	0.00444444	0.827778	0.003179	1.39984
0,1,2,3,0,4	0.00444444	0.832222	0.018929	0.231379
0,0,1,0,0,0	0.00444444	0.836667	0.007366	0.601602
0,1,0,2,1,2	0.00444444	0.841111	0.000792	5.63226
0,1,2,2,2,3	0.00444444	0.845556	0.006536	0.678566
0,0,0,0,1,1	0.00444444	0.85	0.001795	2.4826
0,1,0,1,2,3	0.00444444	0.854444	0.003211	1.38585
0,0,1,1,0,2	0.00444444	0.858889	0.001594	2.79622
0,1,2,3,4,4	0.00444444	0.863333	0.019054	0.229832
0,0,1,2,1,2	0.00444444	0.867778	0.000808	5.52064
0,0,1,2,1,3	0.00444444	0.872222	0.003138	1.41819
0,1,1,0,0,2	0.00333333	0.875556	0.001625	2.0548
0,1,0,1,2,1	0.00333333	0.878889	0.001543	2.16417
0,1,1,1,2,3	0.00333333	0.882222	0.006338	0.524343
0,0,1,1,2,3	0.00333333	0.885556	0.003198	1.04246
0,0,1,1,2,1	0.00333333	0.888889	0.001517	2.20132
0,1,2,0,1,3	0.00333333	0.892222	0.003272	1.01881
0,1,2,3,3,3	0.00333333	0.895556	0.006404	0.518904
0,1,2,1,2,3	0.00333333	0.898889	0.00329	1.01322
0,1,2,3,2,4	0.00333333	0.902222	0.019286	0.170071
0,1,1,0,1,0	0.00333333	0.905556	0.001181	2.82856
0,1,2,3,1,3	0.00333333	0.908889	0.00324	1.0289
0,0,1,0,1,0	0.00222222	0.911111	0.001876	1.18496
0,1,0,2,2,2	0.00222222	0.913333	0.001604	1.38628
0,1,0,0,0,0	0.00222222	0.915556	0.0075	0.294729
0,1,0,2,3,2	0.00222222	0.917778	0.003227	0.687941
0,0,1,0,2,2	0.00222222	0.92	0.001596	1.39324
0,1,2,2,3,4	0.00222222	0.922222	0.019219	0.113657
0,1,2,2,3,2	0.00222222	0.924444	0.006608	0.334815
0,1,2,2,1,3	0.00222222	0.926667	0.003253	0.682424
0,0,0,1,1,0	0.00222222	0.928889	0.00175	1.27044
0,1,2,2,0,3	0.00222222	0.931111	0.003267	0.67949
0,1,0,0,1,0	0.00222222	0.933333	0.001842	1.20688
0,1,1,0,2,2	0.00222222	0.935556	0.000756	2.94377
0,1,2,1,0,3	0.00222222	0.937778	0.003216	0.690301
0,1,0,2,0,1	0.00222222	0.94	0.001587	1.40116
0,1,1,1,0,2	0.00222222	0.942222	0.001599	1.39063
0,0,0,1,2,2	0.00222222	0.944444	0.001617	1.37512
0,0,1,2,2,2	0.00222222	0.946667	0.001548	1.43651
0,1,0,0,1,2	0.00222222	0.948889	0.00158	1.40738
0,1,0,1,2,2	0.00222222	0.951111	0.000764	2.91292
0,1,1,2,3,2	0.00222222	0.953333	0.003159	0.702797
0,0,1,2,0,1	0.00222222	0.955556	0.001595	1.39412
0,0,0,1,2,0	0.00111111	0.956667	0.004722	0.234455
0,0,1,2,2,1	0.00111111	0.957778	0.000754	1.47415
0,0,0,0,1,0	0.00111111	0.958889	0.007316	0.150931
0,1,1,2,2,2	0.00111111	0.96	0.001621	0.685098
0,0,1,2,0,0	0.00111111	0.961111	0.004686	0.236264
0,1,1,2,3,1	0.00111111	0.962222	0.006343	0.174254
0,1,1,2,0,0	0.00111111	0.963333	0.001598	0.694975
0,1,1,1,2,1	0.00111111	0.964444	0.004899	0.225944
0,0,1,2,3,1	0.00111111	0.965556	0.003202	0.346279
0,1,2,0,0,1	0.00111111	0.966667	0.001551	0.716068
0,0,1,1,2,0	0.00111111	0.967778	0.001592	0.697598
0,1,2,0,1,2	0.00111111	0.968889	0.000767	1.44914
0,1,1,1,0,1	0.00111111	0.97	0.001862	0.596281
0,1,2,0,2,1	0.00111111	0.971111	0.000759	1.46443
0,1,2,0,2,3	0.00111111	0.972222	0.003255	0.340623
0,1,2,0,3,3	0.00111111	0.973333	0.003233	0.342948
0,1,2,0,3,4	0.00111111	0.974444	0.019072	0.0572112
0,1,1,0,2,3	0.00111111	0.975556	0.003319	0.334033
0,1,2,1,1,2	0.00111111	0.976667	0.001684	0.659426
0,1,2,1,1,3	0.00111111	0.977778	0.006525	0.169362
0,1,1,0,2,0	0.00111111	0.978889	0.001672	0.664167
0,1,2,1,3,4	0.00111111	0.98	0.018909	0.057714
0,0,1,2,3,2	0.00111111	0.981111	0.003295	0.336474
0,1,0,1,2,0	0.00111111	0.982222	0.001599	0.694539
0,1,2,2,2,2	0.00111111	0.983333	0.004687	0.236214
0,0,1,1,0,1	0.00111111	0.984444	0.001209	0.918943
0,1,1,0,0,0	0.00111111	0.985556	0.001857	0.59789
0,0,1,2,3,3	0.00111111	0.986667	0.003183	0.348353
0,1,0,2,3,3	0.00111111	0.987778	0.00322	0.344337
0,1,2,3,1,1	0.00111111	0.988889	0.006389	0.172991
0,1,2,3,1,2	0.00111111	0.99	0.003234	0.342842
0,1,0,2,2,1	0.00111111	0.991111	0.000769	1.44537
0,1,0,0,0,1	0.00111111	0.992222	0.001889	0.587743
0,1,0,2,1,1	0.00111111	0.993333	0.001534	0.724016
0,1,2,3,3,1	0.00111111	0.994444	0.003204	0.346062
0,1,0,0,1,1	0.00111111	0.995556	0.001242	0.894497
0,1,2,3,3,4	0.00111111	0.996667	0.019056	0.0572602
0,1,2,3,4,3	0.00111111	0.997778	0.018939	0.0576208
0,1,0,2,0,0	0.00111111	0.998889	0.004689	0.236112
0,0,1,0,0,1	0.00111111	1	0.001803	0.61583
