model	post_prob	cumulative_post_prob	prior_prob	bf
0,0,0,1,2,0	0.202222	0.202222	0.004844	52.0756
0,0,0,0,1,0	0.183333	0.385556	0.007453	29.8962
0,0,0,1,1,0	0.161111	0.546667	0.00183	104.755
0,0,0,0,0,0	0.0311111	0.577778	0.026406	1.1839
0,1,1,2,3,1	0.0211111	0.598889	0.0063	3.40167
0,0,1,2,3,0	0.02	0.618889	0.006448	3.14463
0,1,1,1,2,1	0.02	0.638889	0.004718	4.30519
0,1,0,2,3,0	0.0188889	0.657778	0.006324	3.02511
0,0,0,1,2,3	0.0188889	0.676667	0.00636	3.00788
0,1,0,2,2,0	0.0155556	0.692222	0.001638	9.63094
0,0,1,1,2,0	0.0133333	0.705556	0.001564	8.62684
0,0,0,1,1,2	0.0133333	0.718889	0.001643	8.21139
0,0,0,1,2,1	0.0122222	0.731111	0.001667	7.41021
0,0,1,0,2,0	0.0122222	0.743333	0.004615	2.66876
0,1,0,0,2,0	0.0122222	0.755556	0.00474	2.59806
0,1,2,3,4,2	0.0111111	0.766667	0.01914	0.575805
0,0,0,0,1,2	0.0111111	0.777778	0.004785	2.33693
0,0,1,2,2,0	0.01	0.787778	0.001583	6.37083
0,1,1,2,3,0	0.01	0.797778	0.003218	3.12881
0,1,1,2,2,1	0.01	0.807778	0.001473	6.84734
0,1,0,1,2,0	0.00777778	0.815556	0.001604	4.87916
0,1,1,0,2,1	0.00777778	0.823333	0.001522	5.14245
0,1,1,2,3,4	0.00666667	0.83	0.018824	0.349823
0,0,1,1,2,1	0.00666667	0.836667	0.001572	4.26263
0,0,0,1,1,1	0.00555556	0.842222	0.001183	4.71681
0,1,0,2,3,1	0.00555556	0.847778	0.003231	1.72347
0,0,1,2,3,4	0.00555556	0.853333	0.018941	0.28936
0,1,0,1,1,0	0.00555556	0.858889	0.001213	4.60001
0,1,2,2,3,2	0.00555556	0.864444	0.006463	0.85881
0,1,1,0,2,0	0.00555556	0.87	0.001593	3.50138
0,1,2,3,4,0	0.00555556	0.875556	0.018955	0.289143
0,1,2,1,3,0	0.00555556	0.881111	0.003247	1.71495
0,1,2,3,4,1	0.00555556	0.886667	0.018888	0.290188
0,0,1,0,2,1	0.00444444	0.891111	0.001615	2.7598
0,1,1,2,2,0	0.00444444	0.895556	0.000771	5.78579
0,1,1,1,1,1	0.00444444	0.9	0.007319	0.605494
0,1,0,0,1,0	0.00333333	0.903333	0.001872	1.78324
0,1,0,0,2,1	0.00333333	0.906667	0.001584	2.10807
0,1,0,0,2,3	0.00333333	0.91	0.006414	0.51809
0,0,1,2,3,2	0.00333333	0.913333	0.00321	1.03855
0,0,1,2,3,1	0.00333333	0.916667	0.003263	1.02163
0,1,0,1,2,1	0.00333333	0.92	0.001585	2.10674
0,0,1,0,0,1	0.00333333	0.923333	0.001814	1.84036
0,1,1,1,2,0	0.00333333	0.926667	0.001497	2.23078
0,0,1,2,1,0	0.00333333	0.93	0.001532	2.17974
0,1,1,2,2,3	0.00333333	0.933333	0.003288	1.01383
0,0,1,1,2,3	0.00333333	0.936667	0.00324	1.0289
0,1,2,3,4,5	0.00222222	0.938889	0.153333	0.0122979
0,1,2,0,3,0	0.00222222	0.941111	0.006471	0.34195
0,1,0,2,1,0	0.00222222	0.943333	0.001568	1.41816
0,1,2,3,3,4	0.00222222	0.945556	0.019155	0.114044
0,1,2,3,3,2	0.00222222	0.947778	0.003274	0.678033
0,1,2,2,3,4	0.00222222	0.95	0.018982	0.115104
0,1,1,0,0,2	0.00222222	0.952222	0.001548	1.43651
0,0,1,0,2,3	0.00222222	0.954444	0.006448	0.343178
0,0,1,1,1,2	0.00222222	0.956667	0.001575	1.41185
0,1,1,1,0,1	0.00111111	0.957778	0.001819	0.610403
0,1,1,1,1,0	0.00111111	0.958889	0.001795	0.61858
0,0,1,2,2,3	0.00111111	0.96	0.00312	0.355409
0,0,1,2,2,2	0.00111111	0.961111	0.001623	0.684252
0,0,1,2,2,1	0.00111111	0.962222	0.000803	1.38413
0,1,1,1,2,3	0.00111111	0.963333	0.006301	0.175423
0,1,1,2,1,3	0.00111111	0.964444	0.006515	0.169624
0,0,1,2,1,3	0.00111111	0.965556	0.003258	0.340308
0,0,1,2,0,1	0.00111111	0.966667	0.001601	0.69367
0,1,0,1,2,2	0.00111111	0.967778	0.000782	1.42133
0,0,1,1,1,1	0.00111111	0.968889	0.001831	0.606396
0,0,1,1,1,0	0.00111111	0.97	0.001233	0.901034
0,0,1,1,0,1	0.00111111	0.971111	0.001257	0.88381
0,1,2,0,0,2	0.00111111	0.972222	0.001584	0.701127
0,1,2,0,1,0	0.00111111	0.973333	0.001605	0.691939
0,1,0,2,2,1	0.00111111	0.974444	0.000777	1.43048
0,1,2,0,3,1	0.00111111	0.975556	0.003186	0.348024
0,1,2,0,3,4	0.00111111	0.976667	0.018996	0.0574446
0,1,2,1,1,0	0.00111111	0.977778	0.001573	0.706038
0,1,0,2,0,3	0.00111111	0.978889	0.006456	0.171184
0,1,2,1,3,2	0.00111111	0.98	0.003225	0.343801
0,1,2,1,3,4	0.00111111	0.981111	0.019355	0.0563584
0,1,2,2,1,1	0.00111111	0.982222	0.00153	0.725912
0,1,2,2,2,1	0.00111111	0.983333	0.001478	0.751491
0,1,2,2,2,3	0.00111111	0.984444	0.006285	0.175872
0,1,2,2,3,0	0.00111111	0.985556	0.00331	0.334944
0,1,2,2,3,1	0.00111111	0.986667	0.003241	0.342099
0,0,1,0,1,0	0.00111111	0.987778	0.001884	0.589305
0,1,1,0,0,1	0.00111111	0.988889	0.001221	0.909901
0,1,2,3,0,4	0.00111111	0.99	0.019321	0.0564596
0,1,2,3,3,1	0.00111111	0.991111	0.003213	0.34509
0,1,1,0,0,0	0.00111111	0.992222	0.001884	0.589305
0,1,0,2,3,4	0.00111111	0.993333	0.018956	0.0575681
0,0,1,0,0,0	0.00111111	0.994444	0.007411	0.148982
0,0,0,1,2,2	0.00111111	0.995556	0.001566	0.709199
0,0,0,1,0,0	0.00111111	0.996667	0.007401	0.149185
0,1,2,3,4,3	0.00111111	0.997778	0.019178	0.0568889
0,1,2,3,4,4	0.00111111	0.998889	0.018993	0.0574538
0,1,0,2,2,3	0.00111111	1	0.003116	0.355867
