model	post_prob	cumulative_post_prob	prior_prob	bf
0,0,0,0,0,1	0.247778	0.247778	0.007293	44.8364
0,0,1,0,0,1	0.146667	0.394444	0.001937	88.5607
0,0,0,0,0,0	0.127778	0.522222	0.02641	5.40052
0,0,1,0,0,2	0.0955556	0.617778	0.004781	21.9925
0,0,1,2,0,3	0.0166667	0.634444	0.006227	2.70493
0,1,0,1,1,0	0.0155556	0.65	0.001312	12.0279
0,0,0,0,1,2	0.0155556	0.665556	0.004651	3.38161
0,1,1,1,1,2	0.0144444	0.68	0.004733	3.08193
0,0,1,0,1,1	0.0133333	0.693333	0.001201	11.2384
0,1,0,1,1,2	0.0111111	0.704444	0.001595	7.03325
0,0,1,2,0,1	0.0111111	0.715556	0.001551	7.23309
0,0,1,1,0,2	0.0111111	0.726667	0.001566	7.1637
0,0,1,0,2,3	0.01	0.736667	0.006408	1.56621
0,0,1,0,0,0	0.00888889	0.745556	0.007514	1.18462
0,1,2,0,0,3	0.00888889	0.754444	0.006436	1.38454
0,1,0,0,0,2	0.00888889	0.763333	0.004847	1.84137
0,1,0,0,0,0	0.00888889	0.772222	0.007385	1.20547
0,0,1,1,0,1	0.00888889	0.781111	0.001257	7.12596
0,0,1,0,1,2	0.00777778	0.788889	0.001567	4.99455
0,0,0,0,1,0	0.00777778	0.796667	0.007362	1.05692
0,1,0,0,1,2	0.00666667	0.803333	0.00161	4.16187
0,1,1,1,0,2	0.00666667	0.81	0.001559	4.29823
0,0,1,1,1,1	0.00666667	0.816667	0.001859	3.60351
0,1,0,2,0,3	0.00666667	0.823333	0.006383	1.04474
0,0,0,1,0,2	0.00666667	0.83	0.004664	1.43227
0,0,0,1,0,0	0.00555556	0.835556	0.007348	0.754701
0,0,1,1,2,3	0.00555556	0.841111	0.00314	1.77358
0,1,0,1,0,2	0.00555556	0.846667	0.001605	3.47516
0,1,2,1,1,3	0.00555556	0.852222	0.006574	0.844214
0,0,0,0,1,1	0.00555556	0.857778	0.001782	3.12943
0,0,1,0,2,1	0.00555556	0.863333	0.001528	3.65056
0,1,0,1,0,0	0.00555556	0.868889	0.001869	2.98349
0,1,2,1,0,3	0.00444444	0.873333	0.003175	1.40161
0,0,1,2,2,3	0.00444444	0.877778	0.003234	1.37596
0,1,1,0,0,2	0.00444444	0.882222	0.001607	2.77356
0,1,1,1,1,1	0.00444444	0.886667	0.007379	0.600534
0,0,1,2,3,4	0.00444444	0.891111	0.019115	0.229085
0,1,2,0,1,3	0.00444444	0.895556	0.003217	1.38325
0,1,0,0,1,0	0.00444444	0.9	0.001822	2.44575
0,1,2,1,1,2	0.00444444	0.904444	0.001618	2.75467
0,1,2,3,1,4	0.00333333	0.907778	0.019023	0.172468
0,1,2,0,0,2	0.00333333	0.911111	0.001576	2.11879
0,1,2,3,1,2	0.00333333	0.914444	0.003289	1.01352
0,0,1,1,2,1	0.00333333	0.917778	0.001491	2.23977
0,1,0,0,2,3	0.00222222	0.92	0.006362	0.347847
0,1,0,0,2,0	0.00222222	0.922222	0.004659	0.475809
0,1,2,3,0,2	0.00222222	0.924444	0.003211	0.69138
0,1,2,2,2,2	0.00222222	0.926667	0.004767	0.464979
0,0,1,0,2,2	0.00222222	0.928889	0.001664	1.33622
0,1,0,1,2,0	0.00222222	0.931111	0.001573	1.41365
0,1,0,2,0,0	0.00222222	0.933333	0.004693	0.472346
0,1,2,1,0,2	0.00222222	0.935556	0.000749	2.9713
0,1,2,0,3,4	0.00222222	0.937778	0.019028	0.11482
0,1,2,3,4,5	0.00222222	0.94	0.153762	0.0122574
0,1,0,2,2,2	0.00222222	0.942222	0.001607	1.38369
0,0,1,1,1,2	0.00222222	0.944444	0.001563	1.42271
0,1,2,0,1,2	0.00222222	0.946667	0.000785	2.83493
0,1,1,0,0,0	0.00222222	0.948889	0.001836	1.21083
0,0,1,2,0,2	0.00222222	0.951111	0.001539	1.44493
0,1,1,0,1,0	0.00222222	0.953333	0.001208	1.84146
0,1,1,0,1,2	0.00222222	0.955556	0.00163	1.36414
0,1,1,2,1,3	0.00222222	0.957778	0.006456	0.34275
0,1,1,2,1,2	0.00222222	0.96	0.001536	1.44775
0,1,1,1,1,0	0.00222222	0.962222	0.00183	1.21481
0,1,1,1,2,3	0.00222222	0.964444	0.006501	0.340362
0,0,1,2,1,1	0.00111111	0.965556	0.001585	0.700684
0,0,1,2,2,1	0.00111111	0.966667	0.000756	1.47025
0,1,1,2,1,1	0.00111111	0.967778	0.004603	0.240545
0,0,1,2,2,2	0.00111111	0.968889	0.001578	0.703797
0,1,1,1,0,0	0.00111111	0.97	0.001231	0.9025
0,1,1,2,2,3	0.00111111	0.971111	0.003242	0.341993
0,0,1,2,3,1	0.00111111	0.972222	0.003305	0.335453
0,0,1,1,2,2	0.00111111	0.973333	0.000789	1.40871
0,1,2,0,1,0	0.00111111	0.974444	0.001579	0.703351
0,1,0,2,3,4	0.00111111	0.975556	0.018863	0.0578574
0,1,0,2,2,3	0.00111111	0.976667	0.003258	0.340308
0,1,2,0,2,2	0.00111111	0.977778	0.001554	0.714684
0,1,0,2,1,0	0.00111111	0.978889	0.001614	0.688074
0,1,2,1,0,0	0.00111111	0.98	0.001564	0.710107
0,0,1,2,3,3	0.00111111	0.981111	0.003216	0.344767
0,0,0,1,2,3	0.00111111	0.982222	0.006542	0.168919
0,1,2,1,1,0	0.00111111	0.983333	0.001498	0.741442
0,1,2,1,1,1	0.00111111	0.984444	0.004693	0.23591
0,0,1,0,2,0	0.00111111	0.985556	0.004702	0.235457
0,0,0,1,0,1	0.00111111	0.986667	0.001852	0.599507
0,1,2,1,2,3	0.00111111	0.987778	0.003227	0.343588
0,1,2,2,1,2	0.00111111	0.988889	0.001476	0.75251
0,1,2,2,2,0	0.00111111	0.99	0.001583	0.701571
0,1,0,1,1,1	0.00111111	0.991111	0.001906	0.582491
0,1,2,2,3,0	0.00111111	0.992222	0.003205	0.345954
0,1,0,0,0,1	0.00111111	0.993333	0.001753	0.633427
0,0,1,0,1,0	0.00111111	0.994444	0.001816	0.611414
0,0,0,1,1,0	0.00111111	0.995556	0.001761	0.630544
0,1,2,3,2,2	0.00111111	0.996667	0.006507	0.169834
0,1,2,3,3,0	0.00111111	0.997778	0.003233	0.342948
0,1,2,3,3,4	0.00111111	0.998889	0.01879	0.0580865
0,1,0,2,1,3	0.00111111	1	0.003229	0.343374
