model	post_prob	cumulative_post_prob	prior_prob	bf
0,0,0,0,0,0	0.252222	0.252222	0.025877	12.6973
0,0,0,0,1,0	0.0511111	0.303333	0.007444	7.18205
0,0,0,1,1,0	0.0422222	0.345556	0.001822	24.151
0,0,0,1,0,0	0.0411111	0.386667	0.007349	5.79108
0,0,0,1,1,1	0.0377778	0.424444	0.001225	32.0105
0,0,1,1,1,1	0.0322222	0.456667	0.001893	17.5552
0,0,0,1,2,0	0.0266667	0.483333	0.004786	5.69706
0,1,0,0,0,0	0.0255556	0.508889	0.007302	3.56536
0,1,1,1,1,1	0.0244444	0.533333	0.007415	3.35417
0,0,0,0,0,1	0.0166667	0.55	0.007531	2.23364
0,0,0,1,1,2	0.0122222	0.562222	0.001618	7.635
0,0,1,0,0,0	0.0122222	0.574444	0.007476	1.64272
0,0,1,1,1,0	0.01	0.584444	0.001275	7.91226
0,1,1,2,1,1	0.01	0.594444	0.004704	2.13722
0,0,0,1,2,3	0.01	0.604444	0.006468	1.55159
0,1,2,2,2,2	0.00888889	0.613333	0.004771	1.87085
0,1,0,0,0,2	0.00888889	0.622222	0.004744	1.88155
0,0,1,2,1,1	0.00777778	0.63	0.001524	5.1357
0,1,0,0,2,0	0.00777778	0.637778	0.00485	1.6084
0,1,0,2,2,3	0.00777778	0.645556	0.003181	2.4564
0,1,0,1,1,1	0.00777778	0.653333	0.001883	4.15506
0,1,2,1,1,1	0.00777778	0.661111	0.004637	1.68264
0,0,1,0,0,1	0.00666667	0.667778	0.001882	3.55939
0,1,0,0,0,1	0.00666667	0.674444	0.001859	3.60351
0,1,1,2,2,2	0.00666667	0.681111	0.001587	4.22228
0,1,1,2,3,1	0.00666667	0.687778	0.006509	1.02439
0,0,1,1,1,2	0.00666667	0.694444	0.00155	4.32323
0,1,1,0,1,1	0.00666667	0.701111	0.001856	3.60935
0,0,1,2,3,4	0.00666667	0.707778	0.018923	0.347958
0,0,1,2,2,1	0.00666667	0.714444	0.000817	8.20799
0,0,0,1,0,2	0.00666667	0.721111	0.004749	1.40651
0,1,2,3,4,5	0.00555556	0.726667	0.152734	0.0309907
0,0,0,1,2,1	0.00555556	0.732222	0.001641	3.3988
0,1,0,1,1,0	0.00555556	0.737778	0.001322	4.22028
0,1,0,2,0,0	0.00555556	0.743333	0.004736	1.17401
0,0,1,2,2,0	0.00555556	0.748889	0.001526	3.65535
0,1,1,1,1,0	0.00555556	0.754444	0.001816	3.07073
0,1,1,1,1,2	0.00555556	0.76	0.004688	1.18609
0,0,1,2,3,2	0.00555556	0.765556	0.00316	1.76232
0,0,1,2,3,0	0.00444444	0.77	0.00643	0.689826
0,1,1,2,2,3	0.00444444	0.774444	0.003281	1.35618
0,1,2,0,0,0	0.00444444	0.778889	0.004686	0.948222
0,0,1,2,0,0	0.00444444	0.783333	0.004729	0.939559
0,0,0,1,2,2	0.00444444	0.787778	0.001636	2.72432
0,1,1,1,2,1	0.00444444	0.792222	0.004782	0.929096
0,0,1,1,0,0	0.00444444	0.796667	0.001862	2.39311
0,0,0,0,1,1	0.00444444	0.801111	0.001856	2.40086
0,1,2,2,2,3	0.00444444	0.805556	0.006264	0.708225
0,0,1,2,1,3	0.00444444	0.81	0.003236	1.3751
0,1,0,1,1,2	0.00444444	0.814444	0.001607	2.77356
0,1,2,3,4,2	0.00444444	0.818889	0.019046	0.229931
0,1,0,1,0,0	0.00444444	0.823333	0.001867	2.38669
0,0,1,0,1,0	0.00333333	0.826667	0.001872	1.78324
0,1,0,2,3,2	0.00333333	0.83	0.003172	1.05103
0,1,2,3,4,3	0.00333333	0.833333	0.018943	0.173211
0,0,1,2,1,2	0.00333333	0.836667	0.000806	4.14614
0,1,2,3,3,4	0.00333333	0.84	0.01905	0.172219
0,1,2,3,3,3	0.00333333	0.843333	0.006347	0.523594
0,1,2,3,0,4	0.00333333	0.846667	0.018987	0.172801
0,1,2,2,3,2	0.00333333	0.85	0.006397	0.519476
0,1,2,2,3,0	0.00333333	0.853333	0.003202	1.04115
0,1,2,2,2,0	0.00333333	0.856667	0.00157	2.1269
0,1,2,2,1,1	0.00333333	0.86	0.001661	2.01019
0,1,1,2,2,1	0.00333333	0.863333	0.001548	2.15717
0,1,1,1,2,3	0.00333333	0.866667	0.006436	0.516308
0,0,1,1,0,1	0.00333333	0.87	0.001223	2.73131
0,1,1,0,2,1	0.00333333	0.873333	0.001675	1.99336
0,1,1,0,2,0	0.00333333	0.876667	0.001649	2.02484
0,1,0,2,2,1	0.00333333	0.88	0.000765	4.36853
0,1,1,0,0,1	0.00333333	0.883333	0.001291	2.58727
0,1,0,2,3,0	0.00333333	0.886667	0.006434	0.516469
0,1,0,1,0,1	0.00222222	0.888889	0.001212	1.83537
0,0,1,2,1,0	0.00222222	0.891111	0.001597	1.39237
0,1,0,2,3,3	0.00222222	0.893333	0.003094	0.717608
0,1,0,2,3,4	0.00222222	0.895556	0.018791	0.116296
0,1,1,0,0,0	0.00222222	0.897778	0.001902	1.16874
0,1,0,2,2,2	0.00222222	0.9	0.001603	1.38715
0,1,1,0,0,2	0.00222222	0.902222	0.001582	1.40559
0,1,2,3,4,4	0.00222222	0.904444	0.018879	0.115744
0,1,2,3,4,1	0.00222222	0.906667	0.018958	0.115252
0,1,1,0,1,2	0.00222222	0.908889	0.001597	1.39237
0,1,0,2,2,0	0.00222222	0.911111	0.001515	1.46785
0,0,1,0,2,0	0.00222222	0.913333	0.00478	0.463708
0,1,2,3,3,2	0.00222222	0.915556	0.003205	0.692678
0,1,2,3,3,1	0.00222222	0.917778	0.003192	0.695508
0,1,1,1,0,1	0.00222222	0.92	0.00175	1.27044
0,1,2,3,2,4	0.00222222	0.922222	0.019123	0.114238
0,1,0,0,1,1	0.00222222	0.924444	0.001239	1.79533
0,1,2,3,2,2	0.00222222	0.926667	0.006465	0.34227
0,1,0,0,1,0	0.00222222	0.928889	0.001818	1.22284
0,1,2,2,3,4	0.00222222	0.931111	0.019048	0.114697
0,1,0,1,2,2	0.00222222	0.933333	0.000787	2.82772
0,0,1,1,2,3	0.00222222	0.935556	0.003227	0.687941
0,1,2,1,3,1	0.00222222	0.937778	0.006386	0.346531
0,1,2,1,1,2	0.00222222	0.94	0.001581	1.40648
0,0,0,0,1,2	0.00222222	0.942222	0.004591	0.48289
0,0,1,2,2,3	0.00222222	0.944444	0.003138	0.707515
0,1,1,2,1,3	0.00222222	0.946667	0.006375	0.347133
0,0,0,1,0,1	0.00222222	0.948889	0.001899	1.17059
0,0,1,1,2,2	0.00222222	0.951111	0.000835	2.66504
0,1,0,2,0,3	0.00111111	0.952222	0.006506	0.16986
0,0,1,2,3,1	0.00111111	0.953333	0.003239	0.342311
0,0,1,0,1,2	0.00111111	0.954444	0.001645	0.675086
0,1,1,2,3,3	0.00111111	0.955556	0.003202	0.346279
0,1,1,2,3,4	0.00111111	0.956667	0.019163	0.0569343
0,0,1,1,2,1	0.00111111	0.957778	0.001546	0.718388
0,1,2,0,0,2	0.00111111	0.958889	0.001582	0.702015
0,1,2,0,1,0	0.00111111	0.96	0.001551	0.716068
0,1,2,0,2,2	0.00111111	0.961111	0.001597	0.695411
0,1,1,2,1,0	0.00111111	0.962222	0.001593	0.697159
0,1,1,2,0,3	0.00111111	0.963333	0.003202	0.346279
0,1,2,1,1,3	0.00111111	0.964444	0.006435	0.171747
0,1,1,2,0,0	0.00111111	0.965556	0.001597	0.695411
0,1,2,1,3,2	0.00111111	0.966667	0.003153	0.351678
0,1,2,1,3,4	0.00111111	0.967778	0.018742	0.0582382
0,1,2,2,0,0	0.00111111	0.968889	0.001592	0.697598
0,1,0,2,0,1	0.00111111	0.97	0.001548	0.717458
0,1,2,2,1,2	0.00111111	0.971111	0.001655	0.671001
0,0,1,0,2,2	0.00111111	0.972222	0.001601	0.69367
0,1,2,2,2,1	0.00111111	0.973333	0.001586	0.700241
0,0,1,2,2,2	0.00111111	0.974444	0.001559	0.712388
0,1,0,2,1,0	0.00111111	0.975556	0.001524	0.728774
0,1,0,1,2,3	0.00111111	0.976667	0.003211	0.345305
0,1,2,2,3,1	0.00111111	0.977778	0.00327	0.339055
0,1,0,2,1,1	0.00111111	0.978889	0.001571	0.706938
0,1,1,1,2,0	0.00111111	0.98	0.001557	0.713305
0,1,2,3,0,3	0.00111111	0.981111	0.003248	0.341359
0,1,0,1,2,0	0.00111111	0.982222	0.00156	0.711931
0,1,2,3,1,1	0.00111111	0.983333	0.006517	0.169572
0,1,2,3,1,3	0.00111111	0.984444	0.003216	0.344767
0,1,2,3,2,0	0.00111111	0.985556	0.003328	0.333127
0,1,0,0,2,3	0.00111111	0.986667	0.006436	0.17172
0,1,1,1,0,2	0.00111111	0.987778	0.001578	0.703797
0,1,2,3,3,0	0.00111111	0.988889	0.003214	0.344982
0,1,1,1,0,0	0.00111111	0.99	0.001208	0.919705
0,1,1,0,2,2	0.00111111	0.991111	0.000814	1.36541
0,1,0,0,2,1	0.00111111	0.992222	0.001653	0.671814
0,1,0,2,1,3	0.00111111	0.993333	0.00312	0.355409
0,1,2,3,4,0	0.00111111	0.994444	0.018724	0.0582952
0,0,1,0,1,1	0.00111111	0.995556	0.001287	0.863182
0,1,0,0,2,2	0.00111111	0.996667	0.001623	0.684252
0,1,0,1,0,2	0.00111111	0.997778	0.001621	0.685098
0,1,1,0,1,0	0.00111111	0.998889	0.001188	0.935207
0,1,1,2,2,0	0.00111111	1	0.000812	1.36877
