model	post_prob	cumulative_post_prob	prior_prob	bf
0,0,0,0,0,1	0.452222	0.452222	0.007476	109.602
0,0,0,0,0,0	0.165556	0.617778	0.025991	7.43509
0,0,1,0,0,2	0.03	0.647778	0.004735	6.50082
0,0,0,0,1,2	0.0288889	0.676667	0.004724	6.26752
0,0,0,1,0,2	0.0277778	0.704444	0.004724	6.01957
0,0,0,1,0,1	0.02	0.724444	0.001854	10.9872
0,1,1,1,1,2	0.0188889	0.743333	0.004738	4.04418
0,1,0,0,0,2	0.0177778	0.761111	0.004811	3.74402
0,1,1,1,1,0	0.0144444	0.775556	0.001813	8.06926
0,0,1,0,0,1	0.0111111	0.786667	0.001822	6.15559
0,1,0,0,0,0	0.0111111	0.797778	0.007379	1.51146
0,0,0,1,1,1	0.00888889	0.806667	0.001254	7.14303
0,0,0,0,1,1	0.00666667	0.813333	0.001824	3.67279
0,0,1,0,1,2	0.00666667	0.82	0.001584	4.23029
0,1,0,1,1,2	0.00666667	0.826667	0.00165	4.06081
0,1,0,0,1,2	0.00555556	0.832222	0.001554	3.58939
0,1,1,0,0,2	0.00555556	0.837778	0.001594	3.49918
0,1,1,0,1,0	0.00555556	0.843333	0.00123	4.53636
0,0,1,0,1,1	0.00555556	0.848889	0.001247	4.47444
0,0,0,1,1,2	0.00555556	0.854444	0.001543	3.61502
0,0,0,1,2,3	0.00555556	0.86	0.006485	0.855877
0,1,0,1,0,2	0.00444444	0.864444	0.001607	2.77356
0,0,0,1,0,0	0.00444444	0.868889	0.007407	0.598247
0,0,1,1,1,1	0.00444444	0.873333	0.00187	2.38285
0,0,1,0,0,0	0.00444444	0.877778	0.007525	0.588796
0,1,1,1,1,1	0.00444444	0.882222	0.007492	0.591409
0,0,1,1,0,2	0.00444444	0.886667	0.001592	2.79974
0,1,0,2,1,3	0.00333333	0.89	0.003255	1.02415
0,1,1,0,0,0	0.00333333	0.893333	0.00181	1.84444
0,0,0,0,1,0	0.00333333	0.896667	0.007223	0.459688
0,1,2,0,3,4	0.00333333	0.9	0.018948	0.173164
0,0,1,2,1,3	0.00333333	0.903333	0.003246	1.02699
0,1,1,0,1,2	0.00333333	0.906667	0.001519	2.19842
0,0,1,2,3,4	0.00333333	0.91	0.0189	0.173612
0,0,1,1,0,1	0.00333333	0.913333	0.001296	2.57727
0,1,0,0,0,1	0.00222222	0.915556	0.001902	1.16874
0,1,2,3,2,4	0.00222222	0.917778	0.019007	0.114949
0,1,0,0,1,0	0.00222222	0.92	0.001805	1.23166
0,1,0,0,1,1	0.00222222	0.922222	0.0012	1.85375
0,1,2,3,3,4	0.00222222	0.924444	0.018888	0.115687
0,1,1,1,0,2	0.00222222	0.926667	0.001526	1.45726
0,0,1,1,1,2	0.00222222	0.928889	0.001542	1.44211
0,1,1,0,1,1	0.00222222	0.931111	0.001827	1.2168
0,1,2,3,4,0	0.00222222	0.933333	0.018954	0.115277
0,1,0,1,1,0	0.00222222	0.935556	0.00129	1.72426
0,1,0,1,1,1	0.00222222	0.937778	0.001807	1.2303
0,0,0,1,2,1	0.00222222	0.94	0.001667	1.33381
0,0,0,1,1,0	0.00222222	0.942222	0.001898	1.1712
0,0,1,1,2,3	0.00222222	0.944444	0.003325	0.667599
0,1,1,1,2,3	0.00222222	0.946667	0.00639	0.346313
0,1,0,2,2,3	0.00222222	0.948889	0.003282	0.676375
0,1,1,2,1,3	0.00222222	0.951111	0.00649	0.340943
0,1,0,2,2,2	0.00111111	0.952222	0.001571	0.706938
0,1,0,2,0,3	0.00111111	0.953333	0.00639	0.172964
0,1,0,2,3,0	0.00111111	0.954444	0.006308	0.175227
0,1,0,2,0,0	0.00111111	0.955556	0.004754	0.232869
0,1,0,1,2,2	0.00111111	0.956667	0.000739	1.50409
0,1,0,1,2,0	0.00111111	0.957778	0.001535	0.723544
0,1,0,1,0,0	0.00111111	0.958889	0.001847	0.601133
0,1,0,0,2,3	0.00111111	0.96	0.006536	0.169075
0,1,1,1,0,0	0.00111111	0.961111	0.001211	0.917424
0,1,0,0,2,2	0.00111111	0.962222	0.001596	0.695847
0,0,1,2,2,1	0.00111111	0.963333	0.00083	1.33906
0,0,1,2,1,2	0.00111111	0.964444	0.000783	1.41951
0,0,1,2,1,1	0.00111111	0.965556	0.00161	0.689786
0,1,1,1,2,0	0.00111111	0.966667	0.001558	0.712846
0,0,1,2,0,2	0.00111111	0.967778	0.0016	0.694105
0,1,1,2,0,2	0.00111111	0.968889	0.000768	1.44726
0,1,1,2,1,2	0.00111111	0.97	0.001617	0.686796
0,0,1,1,2,2	0.00111111	0.971111	0.000789	1.40871
0,1,2,0,0,3	0.00111111	0.972222	0.006246	0.176977
0,1,2,0,1,0	0.00111111	0.973333	0.001587	0.699799
0,1,2,0,1,3	0.00111111	0.974444	0.003292	0.336782
0,1,2,0,2,3	0.00111111	0.975556	0.003259	0.340203
0,1,2,0,3,3	0.00111111	0.976667	0.003198	0.346713
0,0,1,1,2,1	0.00111111	0.977778	0.001623	0.684252
0,1,2,1,0,3	0.00111111	0.978889	0.003187	0.347914
0,1,2,1,1,0	0.00111111	0.98	0.001594	0.696721
0,1,2,1,1,1	0.00111111	0.981111	0.004689	0.236112
0,1,2,1,1,3	0.00111111	0.982222	0.006363	0.173703
0,1,2,1,2,3	0.00111111	0.983333	0.003166	0.350229
0,1,2,1,3,0	0.00111111	0.984444	0.003294	0.336576
0,1,2,1,3,2	0.00111111	0.985556	0.003191	0.347477
0,1,2,2,1,2	0.00111111	0.986667	0.001555	0.714223
0,1,2,2,1,3	0.00111111	0.987778	0.003143	0.3528
0,1,2,2,2,0	0.00111111	0.988889	0.001578	0.703797
0,1,2,2,2,2	0.00111111	0.99	0.004798	0.230723
0,1,2,2,2,3	0.00111111	0.991111	0.00643	0.171881
0,1,2,2,3,2	0.00111111	0.992222	0.006268	0.176352
0,1,2,3,1,3	0.00111111	0.993333	0.00322	0.344337
0,1,2,3,2,0	0.00111111	0.994444	0.003208	0.345629
0,0,1,1,1,0	0.00111111	0.995556	0.00118	0.941555
0,1,2,3,3,2	0.00111111	0.996667	0.003318	0.334134
0,0,1,0,1,0	0.00111111	0.997778	0.001741	0.6378
0,0,0,1,2,2	0.00111111	0.998889	0.001633	0.680055
0,1,2,3,4,5	0.00111111	1	0.153257	0.0061457
