model	post_prob	cumulative_post_prob	prior_prob	bf
0,1,2,3,4,5	0.128889	0.128889	0.152899	0.819733
0,1,2,3,4,4	0.0566667	0.185556	0.019173	3.07302
0,1,2,1,3,4	0.0477778	0.233333	0.018961	2.59605
0,1,2,2,3,4	0.0477778	0.281111	0.019205	2.56243
0,1,1,1,2,3	0.0388889	0.32	0.00632	6.36182
0,1,1,2,3,4	0.0388889	0.358889	0.019293	2.0568
0,1,2,2,3,3	0.0355556	0.394444	0.003188	11.5272
0,1,2,1,2,2	0.0333333	0.427778	0.001603	21.4769
0,1,1,1,2,2	0.0322222	0.46	0.001653	20.1089
0,1,2,3,2,4	0.0277778	0.487778	0.019143	1.46395
0,1,1,1,1,1	0.0266667	0.514444	0.0075	3.62557
0,1,2,2,2,2	0.0255556	0.54	0.00471	5.54188
0,1,2,3,4,2	0.0244444	0.564444	0.019112	1.286
0,1,2,3,2,2	0.0244444	0.588889	0.006502	3.82867
0,1,2,1,3,3	0.0244444	0.613333	0.003139	7.9574
0,0,1,2,3,4	0.0211111	0.634444	0.018866	1.12157
0,1,1,1,2,1	0.0211111	0.655556	0.004717	4.55049
0,1,2,2,3,2	0.0166667	0.672222	0.006354	2.65053
0,1,2,3,4,1	0.0144444	0.686667	0.019129	0.751518
0,1,2,2,2,3	0.0133333	0.7	0.006384	2.10326
0,1,2,1,3,2	0.0133333	0.713333	0.003248	4.14705
0,1,1,2,3,3	0.0133333	0.726667	0.003193	4.21872
0,1,1,1,1,2	0.0133333	0.74	0.004725	2.84649
0,1,2,3,4,3	0.0133333	0.753333	0.019133	0.69278
0,1,1,2,3,1	0.0122222	0.765556	0.006379	1.92734
0,1,1,2,1,1	0.0122222	0.777778	0.004711	2.61413
0,1,2,1,2,3	0.0122222	0.79	0.003189	3.86767
0,1,1,2,3,2	0.01	0.8	0.003281	3.06854
0,1,2,1,3,1	0.01	0.81	0.006385	1.57189
0,0,1,0,2,3	0.00888889	0.818889	0.006318	1.41056
0,1,2,3,2,3	0.00777778	0.826667	0.003235	2.41527
0,1,2,3,3,3	0.00777778	0.834444	0.006446	1.20822
0,0,0,0,1,1	0.00777778	0.842222	0.00184	4.25235
0,1,1,2,2,2	0.00777778	0.85	0.001587	4.93151
0,0,1,0,1,1	0.00777778	0.857778	0.001235	6.33932
0,1,2,3,3,4	0.00666667	0.864444	0.019216	0.34255
0,0,1,1,2,3	0.00555556	0.87	0.003246	1.71548
0,1,2,0,3,4	0.00555556	0.875556	0.019086	0.28712
0,0,1,0,2,2	0.00555556	0.881111	0.001515	3.68193
0,1,2,1,1,1	0.00444444	0.885556	0.004704	0.944576
0,0,1,2,3,3	0.00444444	0.89	0.003202	1.38975
0,1,1,2,1,3	0.00444444	0.894444	0.006519	0.680347
0,0,1,1,1,1	0.00444444	0.898889	0.001859	2.39698
0,1,2,1,1,3	0.00444444	0.903333	0.006572	0.674824
0,1,2,2,1,1	0.00444444	0.907778	0.001619	2.75297
0,0,1,2,1,1	0.00444444	0.912222	0.00155	2.87572
0,0,1,1,2,2	0.00444444	0.916667	0.000781	5.71165
0,0,1,2,3,1	0.00333333	0.92	0.003346	0.996202
0,0,1,1,1,2	0.00333333	0.923333	0.001633	2.04472
0,1,2,3,1,4	0.00333333	0.926667	0.019073	0.172007
0,1,2,3,2,1	0.00333333	0.93	0.003155	1.05671
0,1,2,3,1,1	0.00333333	0.933333	0.006475	0.513178
0,1,2,0,3,3	0.00333333	0.936667	0.003244	1.02763
0,0,1,0,1,2	0.00333333	0.94	0.001538	2.17122
0,1,2,3,1,2	0.00333333	0.943333	0.003219	1.03564
0,0,0,0,0,0	0.00222222	0.945556	0.025768	0.0842045
0,1,2,0,3,2	0.00222222	0.947778	0.00318	0.698141
0,1,0,2,3,4	0.00222222	0.95	0.018932	0.115413
0,1,2,3,3,2	0.00222222	0.952222	0.003235	0.686234
0,1,2,0,2,3	0.00222222	0.954444	0.003267	0.67949
0,0,0,1,2,3	0.00222222	0.956667	0.006422	0.344576
0,1,1,0,1,1	0.00222222	0.958889	0.001811	1.22757
0,0,1,1,2,1	0.00222222	0.961111	0.00161	1.38111
0,1,0,0,2,3	0.00222222	0.963333	0.006469	0.342057
0,0,1,0,2,1	0.00222222	0.965556	0.001585	1.40293
0,1,2,2,1,2	0.00222222	0.967778	0.001514	1.46882
0,1,2,2,1,3	0.00222222	0.97	0.003177	0.698803
0,1,2,2,2,1	0.00222222	0.972222	0.001573	1.41365
0,1,1,2,2,1	0.00222222	0.974444	0.001609	1.38197
0,1,2,2,3,1	0.00222222	0.976667	0.003164	0.701683
0,1,2,2,3,0	0.00111111	0.977778	0.003177	0.349013
0,1,1,2,1,2	0.00111111	0.978889	0.001589	0.698917
0,0,1,2,2,3	0.00111111	0.98	0.003184	0.348243
0,1,1,2,2,3	0.00111111	0.981111	0.003159	0.351008
0,1,0,0,2,1	0.00111111	0.982222	0.00158	0.702905
0,1,2,3,1,0	0.00111111	0.983333	0.003168	0.350007
0,1,0,0,2,2	0.00111111	0.984444	0.001581	0.702459
0,1,1,1,0,2	0.00111111	0.985556	0.00157	0.707389
0,1,1,0,2,3	0.00111111	0.986667	0.003274	0.338639
0,1,1,0,2,2	0.00111111	0.987778	0.000763	1.45675
0,1,1,0,1,2	0.00111111	0.988889	0.001563	0.710562
0,0,1,2,1,3	0.00111111	0.99	0.003099	0.357825
0,1,2,0,2,2	0.00111111	0.991111	0.001599	0.694539
0,1,2,1,1,2	0.00111111	0.992222	0.001599	0.694539
0,1,2,1,2,1	0.00111111	0.993333	0.001606	0.691507
0,1,0,2,3,3	0.00111111	0.994444	0.003159	0.351008
0,0,0,1,2,1	0.00111111	0.995556	0.001536	0.723072
0,0,0,0,1,2	0.00111111	0.996667	0.004797	0.230772
0,1,0,1,2,3	0.00111111	0.997778	0.003187	0.347914
0,0,0,0,0,1	0.00111111	0.998889	0.007262	0.152061
0,1,0,1,2,0	0.00111111	1	0.001598	0.694975
