model	post_prob	cumulative_post_prob	prior_prob	bf
0,0,0,0,0,0	0.387778	0.387778	0.026003	23.7251
0,0,0,1,0,0	0.0722222	0.46	0.007365	10.4916
0,0,1,0,0,0	0.0311111	0.491111	0.007368	4.32594
0,0,0,0,0,1	0.0233333	0.514444	0.007322	3.23899
0,1,1,1,1,1	0.0222222	0.536667	0.007421	3.03983
0,0,0,0,1,0	0.0211111	0.557778	0.007508	2.85089
0,1,0,0,0,0	0.0188889	0.576667	0.007418	2.57613
0,0,0,1,0,2	0.0177778	0.594444	0.004759	3.78513
0,0,1,2,0,0	0.0166667	0.611111	0.004791	3.52076
0,0,0,1,0,1	0.0144444	0.625556	0.001763	8.29853
0,1,0,1,0,0	0.01	0.635556	0.001914	5.26733
0,0,1,0,0,1	0.00888889	0.644444	0.001801	4.97083
0,1,1,0,1,0	0.00777778	0.652222	0.001238	6.32394
0,1,0,2,0,0	0.00777778	0.66	0.004679	1.66746
0,1,0,0,1,0	0.00777778	0.667778	0.001874	4.17506
0,1,1,0,1,1	0.00777778	0.675556	0.001833	4.26862
0,0,1,1,1,1	0.00666667	0.682222	0.00184	3.64079
0,1,1,2,1,1	0.00666667	0.688889	0.004788	1.395
0,1,0,1,0,1	0.00666667	0.695556	0.001233	5.43644
0,1,1,1,0,1	0.00666667	0.702222	0.00185	3.62108
0,0,1,1,0,1	0.00666667	0.708889	0.00118	5.68092
0,0,1,2,3,0	0.00666667	0.715556	0.006298	1.05893
0,1,2,3,2,4	0.00555556	0.721111	0.019042	0.287796
0,1,0,1,1,1	0.00555556	0.726667	0.001797	3.10326
0,1,1,1,0,0	0.00555556	0.732222	0.00117	4.76928
0,1,1,1,1,0	0.00555556	0.737778	0.001807	3.08605
0,0,1,2,0,3	0.00555556	0.743333	0.006474	0.857341
0,1,0,0,0,1	0.00555556	0.748889	0.001818	3.06735
0,1,0,1,0,2	0.00444444	0.753333	0.001699	2.62313
0,1,0,0,2,0	0.00444444	0.757778	0.004671	0.951281
0,0,1,0,2,0	0.00444444	0.762222	0.004696	0.946193
0,0,1,0,1,0	0.00444444	0.766667	0.001785	2.49654
0,1,1,2,1,0	0.00444444	0.771111	0.001607	2.77356
0,0,0,1,2,1	0.00444444	0.775556	0.00157	2.83903
0,0,0,1,2,0	0.00444444	0.78	0.004723	0.940758
0,0,0,0,1,1	0.00444444	0.784444	0.001833	2.43104
0,0,1,2,1,0	0.00444444	0.788889	0.001641	2.716
0,1,2,2,1,2	0.00333333	0.792222	0.001564	2.13507
0,1,0,2,0,1	0.00333333	0.795556	0.001591	2.09878
0,1,1,2,0,1	0.00333333	0.798889	0.001636	2.04096
0,1,1,1,1,2	0.00333333	0.802222	0.004781	0.696192
0,0,1,2,0,2	0.00333333	0.805556	0.001595	2.09351
0,1,2,3,4,4	0.00333333	0.808889	0.019132	0.171466
0,0,0,1,1,0	0.00333333	0.812222	0.001844	1.81037
0,0,0,1,1,1	0.00333333	0.815556	0.001263	2.6447
0,1,1,0,2,2	0.00333333	0.818889	0.000803	4.16164
0,0,1,0,2,1	0.00333333	0.822222	0.001586	2.10541
0,1,1,2,3,0	0.00333333	0.825556	0.003065	1.08784
0,1,0,0,0,2	0.00333333	0.828889	0.004674	0.712206
0,1,2,3,1,0	0.00333333	0.832222	0.003202	1.04115
0,1,0,0,1,1	0.00333333	0.835556	0.001209	2.76298
0,1,2,0,0,0	0.00333333	0.838889	0.004693	0.709309
0,1,2,0,1,1	0.00333333	0.842222	0.001504	2.22038
0,1,0,2,1,1	0.00333333	0.845556	0.001585	2.10674
0,1,0,2,0,3	0.00333333	0.848889	0.006458	0.514537
0,1,2,1,1,1	0.00333333	0.852222	0.004859	0.684962
0,1,2,3,2,0	0.00333333	0.855556	0.003205	1.04018
0,1,0,1,1,0	0.00333333	0.858889	0.001218	2.74254
0,0,1,1,0,0	0.00333333	0.862222	0.001721	1.93999
0,1,2,1,3,4	0.00333333	0.865556	0.019108	0.171686
0,1,0,1,2,1	0.00222222	0.867778	0.001543	1.44118
0,1,0,1,2,0	0.00222222	0.87	0.001598	1.3915
0,1,2,1,2,3	0.00222222	0.872222	0.003244	0.684324
0,1,2,3,1,1	0.00222222	0.874444	0.006454	0.342857
0,0,1,2,1,3	0.00222222	0.876667	0.003345	0.663594
0,0,1,1,1,0	0.00222222	0.878889	0.001273	1.74732
0,0,1,1,1,2	0.00222222	0.881111	0.001599	1.39063
0,1,0,2,1,0	0.00222222	0.883333	0.001584	1.40382
0,1,2,2,0,0	0.00222222	0.885556	0.001609	1.38197
0,1,2,1,0,1	0.00222222	0.887778	0.001548	1.43651
0,1,2,2,1,1	0.00222222	0.89	0.00166	1.33944
0,0,1,1,2,0	0.00222222	0.892222	0.001528	1.45535
0,1,1,2,3,3	0.00222222	0.894444	0.003193	0.69529
0,1,0,2,3,1	0.00222222	0.896667	0.003197	0.694417
0,1,2,3,0,4	0.00222222	0.898889	0.018859	0.115869
0,1,1,2,1,3	0.00222222	0.901111	0.006308	0.350844
0,1,1,2,1,2	0.00222222	0.903333	0.001544	1.44024
0,1,2,3,0,3	0.00222222	0.905556	0.003188	0.696384
0,0,1,0,1,2	0.00222222	0.907778	0.001571	1.41545
0,0,1,0,0,2	0.00222222	0.91	0.004776	0.464099
0,1,1,0,2,0	0.00222222	0.912222	0.001584	1.40382
0,0,1,2,1,2	0.00222222	0.914444	0.000778	2.86046
0,0,0,1,2,3	0.00222222	0.916667	0.006321	0.350118
0,1,2,3,2,2	0.00222222	0.918889	0.006383	0.346695
0,1,2,2,2,2	0.00222222	0.921111	0.004769	0.464783
0,1,1,2,0,2	0.00222222	0.923333	0.000836	2.66185
0,1,2,3,0,1	0.00222222	0.925556	0.003124	0.710696
0,0,1,2,3,1	0.00222222	0.927778	0.003098	0.716679
0,0,1,2,2,2	0.00222222	0.93	0.001584	1.40382
0,1,2,3,0,2	0.00222222	0.932222	0.003245	0.684112
0,1,1,1,2,1	0.00222222	0.934444	0.004773	0.464392
0,1,1,1,2,2	0.00111111	0.935556	0.001658	0.669785
0,1,1,1,2,3	0.00111111	0.936667	0.006411	0.172394
0,1,1,1,2,0	0.00111111	0.937778	0.00156	0.711931
0,1,1,1,0,2	0.00111111	0.938889	0.001567	0.708745
0,1,1,0,2,3	0.00111111	0.94	0.003172	0.349565
0,1,1,0,1,2	0.00111111	0.941111	0.001492	0.744429
0,1,1,0,0,0	0.00111111	0.942222	0.001876	0.591823
0,1,0,2,3,3	0.00111111	0.943333	0.003177	0.349013
0,1,1,2,2,1	0.00111111	0.944444	0.001568	0.708293
0,1,0,2,3,2	0.00111111	0.945556	0.003253	0.340833
0,1,1,2,3,1	0.00111111	0.946667	0.006296	0.175563
0,1,0,2,3,0	0.00111111	0.947778	0.006479	0.170573
0,1,1,2,3,4	0.00111111	0.948889	0.018938	0.0576239
0,1,0,2,2,2	0.00111111	0.95	0.001599	0.694539
0,1,2,0,0,1	0.00111111	0.951111	0.001548	0.717458
0,1,2,0,1,0	0.00111111	0.952222	0.001636	0.678806
0,1,0,2,2,0	0.00111111	0.953333	0.001627	0.682567
0,1,2,0,1,2	0.00111111	0.954444	0.000805	1.38069
0,1,2,0,1,3	0.00111111	0.955556	0.003136	0.35359
0,1,2,0,2,1	0.00111111	0.956667	0.000774	1.43603
0,1,2,0,2,3	0.00111111	0.957778	0.003187	0.347914
0,1,2,0,3,0	0.00111111	0.958889	0.006378	0.173291
0,1,2,0,3,3	0.00111111	0.96	0.003271	0.338951
0,1,0,2,1,2	0.00111111	0.961111	0.000789	1.40871
0,1,0,2,0,2	0.00111111	0.962222	0.001599	0.694539
0,1,2,1,2,0	0.00111111	0.963333	0.000786	1.41409
0,1,0,1,2,3	0.00111111	0.964444	0.003241	0.342099
0,1,2,1,3,2	0.00111111	0.965556	0.003314	0.334539
0,1,2,1,3,3	0.00111111	0.966667	0.003172	0.349565
0,1,0,1,2,2	0.00111111	0.967778	0.00081	1.37216
0,1,0,0,2,3	0.00111111	0.968889	0.006372	0.173456
0,1,2,2,0,2	0.00111111	0.97	0.001605	0.691939
0,1,2,2,0,3	0.00111111	0.971111	0.003199	0.346605
0,1,2,2,1,0	0.00111111	0.972222	0.000737	1.50818
0,1,0,0,2,1	0.00111111	0.973333	0.001569	0.707841
0,0,1,2,3,4	0.00111111	0.974444	0.018977	0.0575032
0,1,2,2,1,3	0.00111111	0.975556	0.003216	0.344767
0,1,2,2,2,1	0.00111111	0.976667	0.001562	0.711018
0,0,1,2,3,3	0.00111111	0.977778	0.003286	0.337399
0,1,2,2,3,2	0.00111111	0.978889	0.006304	0.175339
0,1,2,2,3,3	0.00111111	0.98	0.003252	0.340938
0,1,2,3,0,0	0.00111111	0.981111	0.006485	0.170414
0,0,1,2,3,2	0.00111111	0.982222	0.003193	0.347258
0,0,1,2,2,0	0.00111111	0.983333	0.001571	0.706938
0,0,1,2,0,1	0.00111111	0.984444	0.001585	0.700684
0,0,1,1,2,3	0.00111111	0.985556	0.003331	0.332826
0,0,1,1,2,2	0.00111111	0.986667	0.000804	1.3824
0,0,1,1,0,2	0.00111111	0.987778	0.00163	0.681309
0,1,2,3,1,4	0.00111111	0.988889	0.019081	0.0571837
0,0,1,0,2,3	0.00111111	0.99	0.006418	0.172204
0,1,2,3,2,1	0.00111111	0.991111	0.003188	0.347805
0,0,0,1,2,2	0.00111111	0.992222	0.001591	0.698037
0,0,0,1,1,2	0.00111111	0.993333	0.001608	0.690646
0,1,2,3,3,3	0.00111111	0.994444	0.006578	0.167989
0,1,2,3,4,0	0.00111111	0.995556	0.018923	0.0576705
0,1,2,3,4,2	0.00111111	0.996667	0.019025	0.0573553
0,1,2,3,4,3	0.00111111	0.997778	0.019089	0.0571593
0,0,0,0,1,2	0.00111111	0.998889	0.004693	0.23591
0,1,2,3,4,5	0.00111111	1	0.153942	0.00611341
