model	post_prob	cumulative_post_prob	prior_prob	bf
0,0,0,0,0,0	0.535556	0.535556	0.02617	42.9092
0,0,0,0,1,0	0.0522222	0.587778	0.007288	7.50523
0,1,0,0,0,0	0.0277778	0.615556	0.007287	3.89231
0,1,1,1,1,1	0.0244444	0.64	0.007266	3.42346
0,0,1,0,0,0	0.0211111	0.661111	0.007347	2.91384
0,0,0,1,1,0	0.02	0.681111	0.00187	10.893
0,0,0,1,0,0	0.0188889	0.7	0.007274	2.62751
0,0,0,0,0,1	0.0166667	0.716667	0.007281	2.31091
0,1,0,1,1,0	0.0166667	0.733333	0.001165	14.5317
0,1,1,1,1,0	0.0155556	0.748889	0.001792	8.80192
0,1,0,0,1,0	0.0111111	0.76	0.001822	6.15559
0,0,1,0,0,1	0.0111111	0.771111	0.001856	6.04262
0,0,0,0,1,1	0.0111111	0.782222	0.001857	6.03936
0,0,0,1,2,0	0.00888889	0.791111	0.004718	1.89197
0,1,1,1,2,1	0.00777778	0.798889	0.004822	1.61778
0,1,0,1,1,1	0.00666667	0.805556	0.001802	3.71771
0,1,0,0,0,1	0.00666667	0.812222	0.001857	3.6074
0,1,0,2,3,0	0.00666667	0.818889	0.00645	1.03382
0,1,0,1,2,0	0.00666667	0.825556	0.001669	4.0145
0,1,1,1,0,1	0.00555556	0.831111	0.001875	2.97393
0,0,0,0,1,2	0.00555556	0.836667	0.004838	1.14915
0,0,0,1,0,2	0.00555556	0.842222	0.004628	1.20154
0,1,1,0,0,0	0.00555556	0.847778	0.001812	3.07752
0,1,0,0,2,0	0.00444444	0.852222	0.004747	0.935979
0,1,1,0,1,1	0.00444444	0.856667	0.001903	2.34146
0,1,0,0,1,1	0.00444444	0.861111	0.001205	3.70034
0,0,1,1,1,1	0.00444444	0.865556	0.001922	2.31827
0,0,1,1,0,1	0.00444444	0.87	0.001271	3.50796
0,1,0,2,2,0	0.00444444	0.874444	0.001588	2.8068
0,0,1,2,1,3	0.00333333	0.877778	0.003204	1.0405
0,1,0,2,1,0	0.00333333	0.881111	0.001602	2.08435
0,1,1,1,1,2	0.00333333	0.884444	0.004666	0.713433
0,1,1,1,2,0	0.00333333	0.887778	0.001588	2.10275
0,0,0,1,1,1	0.00333333	0.891111	0.001223	2.73131
0,0,1,0,2,0	0.00333333	0.894444	0.00472	0.705232
0,1,1,0,0,1	0.00333333	0.897778	0.001216	2.74705
0,1,0,1,1,2	0.00333333	0.901111	0.001535	2.17547
0,1,1,1,0,0	0.00333333	0.904444	0.001225	2.72684
0,1,2,1,1,2	0.00333333	0.907778	0.001644	2.03101
0,0,1,0,2,1	0.00333333	0.911111	0.001638	2.03846
0,1,0,1,0,1	0.00333333	0.914444	0.001252	2.66797
0,1,0,1,0,2	0.00222222	0.916667	0.00165	1.34757
0,1,0,1,0,0	0.00222222	0.918889	0.001879	1.18307
0,1,2,3,1,2	0.00222222	0.921111	0.003219	0.689656
0,1,2,3,1,0	0.00222222	0.923333	0.003267	0.67949
0,1,0,0,0,2	0.00222222	0.925556	0.004767	0.464979
0,1,2,3,0,3	0.00222222	0.927778	0.003171	0.700129
0,1,2,1,2,0	0.00222222	0.93	0.00076	2.92826
0,1,0,2,0,0	0.00222222	0.932222	0.004828	0.459076
0,0,0,1,0,1	0.00222222	0.934444	0.001917	1.15957
0,1,0,2,1,1	0.00222222	0.936667	0.001626	1.3675
0,1,0,2,1,3	0.00222222	0.938889	0.00324	0.685171
0,1,2,0,0,0	0.00222222	0.941111	0.00461	0.48089
0,1,1,2,2,1	0.00222222	0.943333	0.001585	1.40293
0,1,1,2,1,1	0.00222222	0.945556	0.004639	0.47787
0,0,1,2,0,0	0.00222222	0.947778	0.004708	0.470834
0,1,2,3,4,5	0.00222222	0.95	0.153417	0.0122899
0,0,1,0,1,0	0.00222222	0.952222	0.001847	1.2036
0,0,1,0,1,2	0.00222222	0.954444	0.001552	1.43281
0,1,1,0,1,0	0.00222222	0.956667	0.001279	1.73911
0,0,1,1,2,0	0.00222222	0.958889	0.001527	1.4563
0,1,1,0,2,0	0.00222222	0.961111	0.001567	1.41907
0,0,1,1,0,0	0.00222222	0.963333	0.001863	1.19325
0,0,1,1,1,2	0.00111111	0.964444	0.001513	0.734081
0,0,1,0,2,3	0.00111111	0.965556	0.006456	0.171184
0,0,1,1,2,2	0.00111111	0.966667	0.000786	1.41409
0,0,1,1,2,3	0.00111111	0.967778	0.003257	0.340413
0,0,1,0,0,2	0.00111111	0.968889	0.004745	0.233313
0,0,0,1,2,1	0.00111111	0.97	0.001568	0.708293
0,1,0,2,3,2	0.00111111	0.971111	0.003122	0.355181
0,1,1,1,2,3	0.00111111	0.972222	0.00636	0.173785
0,1,0,2,2,3	0.00111111	0.973333	0.003188	0.347805
0,1,0,2,2,2	0.00111111	0.974444	0.001613	0.688501
0,0,1,2,2,0	0.00111111	0.975556	0.001608	0.690646
0,1,2,0,0,3	0.00111111	0.976667	0.006426	0.171989
0,1,2,0,1,2	0.00111111	0.977778	0.000796	1.39631
0,1,2,1,0,1	0.00111111	0.978889	0.001601	0.69367
0,1,2,1,0,3	0.00111111	0.98	0.003204	0.346062
0,1,2,1,1,0	0.00111111	0.981111	0.001619	0.685946
0,1,2,1,1,1	0.00111111	0.982222	0.00478	0.231596
0,0,1,2,2,1	0.00111111	0.983333	0.00085	1.30753
0,1,0,1,2,3	0.00111111	0.984444	0.003223	0.344016
0,1,2,1,3,2	0.00111111	0.985556	0.003299	0.336065
0,1,2,2,0,2	0.00111111	0.986667	0.00157	0.707389
0,1,2,2,1,0	0.00111111	0.987778	0.0008	1.38932
0,1,2,2,1,1	0.00111111	0.988889	0.00159	0.698477
0,1,2,2,1,2	0.00111111	0.99	0.001549	0.716994
0,1,2,2,2,0	0.00111111	0.991111	0.001607	0.691076
0,1,2,3,0,1	0.00111111	0.992222	0.003215	0.344874
0,1,0,1,2,1	0.00111111	0.993333	0.001637	0.678391
0,1,0,0,1,2	0.00111111	0.994444	0.001573	0.706038
0,1,0,0,2,1	0.00111111	0.995556	0.00157	0.707389
0,1,2,3,2,3	0.00111111	0.996667	0.003232	0.343054
0,1,2,3,3,1	0.00111111	0.997778	0.003254	0.340728
0,1,2,3,4,1	0.00111111	0.998889	0.019065	0.0572326
0,1,1,1,2,2	0.00111111	1	0.00155	0.716531
