model	post_prob	cumulative_post_prob	prior_prob	bf
0,0,0,0,0,0	0.261111	0.261111	0.025952	13.2634
0,0,0,1,1,1	0.0433333	0.304444	0.001174	38.5375
0,1,0,1,1,1	0.0388889	0.343333	0.001838	21.9739
0,0,0,0,0,1	0.0311111	0.374444	0.007226	4.41158
0,0,1,0,0,0	0.03	0.404444	0.007275	4.22032
0,1,1,1,1,1	0.0288889	0.433333	0.00738	4.00118
0,0,0,0,1,0	0.0233333	0.456667	0.007284	3.25601
0,0,0,1,0,0	0.0222222	0.478889	0.007382	3.05601
0,0,0,0,1,1	0.0177778	0.496667	0.001814	9.9596
0,0,0,1,1,0	0.0166667	0.513333	0.001834	9.22468
0,1,0,2,2,2	0.0166667	0.53	0.00154	10.989
0,1,0,0,0,0	0.0155556	0.545556	0.007299	2.14906
0,0,0,1,2,3	0.0144444	0.56	0.006454	2.25621
0,0,0,1,2,2	0.0133333	0.573333	0.001556	8.67126
0,0,0,1,2,1	0.0111111	0.584444	0.001582	7.09114
0,0,0,1,0,1	0.0111111	0.595556	0.001748	6.41666
0,0,0,1,1,2	0.0111111	0.606667	0.001643	6.82745
0,1,0,2,2,3	0.00888889	0.615556	0.003272	2.73205
0,1,1,2,2,2	0.00888889	0.624444	0.001574	5.689
0,1,2,1,1,1	0.00888889	0.633333	0.004845	1.84214
0,1,0,1,2,1	0.00888889	0.642222	0.001596	5.61046
0,1,0,2,3,3	0.00888889	0.651111	0.003277	2.72787
0,1,0,2,2,1	0.00888889	0.66	0.000856	10.4684
0,1,1,2,1,1	0.00777778	0.667778	0.004567	1.70855
0,1,0,2,3,4	0.00777778	0.675556	0.019135	0.401816
0,1,1,0,0,0	0.00777778	0.683333	0.001821	4.2968
0,1,0,1,1,2	0.00777778	0.691111	0.001607	4.87004
0,0,1,1,1,1	0.00777778	0.698889	0.0019	4.11782
0,0,0,1,0,2	0.00666667	0.705556	0.004724	1.41399
0,1,2,3,4,1	0.00666667	0.712222	0.018928	0.347864
0,1,2,2,3,4	0.00666667	0.718889	0.018881	0.348747
0,0,1,2,0,0	0.00666667	0.725556	0.00472	1.4152
0,0,1,2,2,3	0.00666667	0.732222	0.003248	2.05961
0,1,1,2,3,4	0.00666667	0.738889	0.018912	0.348164
0,1,2,2,3,2	0.00555556	0.744444	0.006489	0.855346
0,1,0,1,1,0	0.00555556	0.75	0.001226	4.55118
0,1,0,0,2,3	0.00555556	0.755556	0.006337	0.875997
0,1,0,1,2,3	0.00555556	0.761111	0.003161	1.76176
0,0,1,0,2,0	0.00555556	0.766667	0.00481	1.15587
0,1,0,2,3,1	0.00555556	0.772222	0.003248	1.71442
0,1,2,3,4,5	0.00555556	0.777778	0.153346	0.0308447
0,1,1,2,0,0	0.00444444	0.782222	0.001546	2.88317
0,0,1,2,3,4	0.00444444	0.786667	0.01916	0.228536
0,0,1,0,0,1	0.00444444	0.791111	0.001827	2.43904
0,1,0,2,3,0	0.00444444	0.795556	0.00642	0.690907
0,0,1,0,0,2	0.00444444	0.8	0.004832	0.919436
0,1,2,3,4,4	0.00444444	0.804444	0.019159	0.228548
0,1,2,3,3,4	0.00444444	0.808889	0.018855	0.232305
0,0,0,0,1,2	0.00444444	0.813333	0.004742	0.936971
0,1,0,2,1,3	0.00444444	0.817778	0.003229	1.3781
0,1,1,2,2,3	0.00444444	0.822222	0.003167	1.40516
0,1,1,2,3,2	0.00444444	0.826667	0.003253	1.3679
0,1,0,2,1,2	0.00444444	0.831111	0.000823	5.41994
0,1,0,1,0,1	0.00444444	0.835556	0.00123	3.62504
0,1,2,3,1,1	0.00444444	0.84	0.006374	0.695926
0,0,0,1,2,0	0.00444444	0.844444	0.004859	0.914302
0,1,2,2,2,2	0.00444444	0.848889	0.00481	0.923662
0,1,2,1,1,2	0.00333333	0.852222	0.001553	2.15022
0,1,2,1,1,3	0.00333333	0.855556	0.006437	0.516227
0,1,2,0,0,0	0.00333333	0.858889	0.004787	0.695315
0,1,0,2,0,0	0.00333333	0.862222	0.004758	0.699573
0,1,1,2,3,3	0.00333333	0.865556	0.003164	1.0537
0,1,0,2,3,2	0.00333333	0.868889	0.003259	1.02288
0,1,0,2,1,1	0.00333333	0.872222	0.001598	2.08957
0,1,0,1,0,0	0.00333333	0.875556	0.001854	1.80058
0,1,1,1,0,1	0.00333333	0.878889	0.001878	1.77753
0,1,2,3,3,3	0.00333333	0.882222	0.006519	0.509692
0,1,1,1,1,2	0.00333333	0.885556	0.004701	0.708096
0,1,0,0,1,1	0.00333333	0.888889	0.001265	2.64051
0,1,0,0,1,0	0.00333333	0.892222	0.001832	1.82225
0,1,1,1,2,3	0.00333333	0.895556	0.006422	0.517441
0,0,1,0,1,1	0.00222222	0.897778	0.001187	1.87408
0,1,2,0,0,1	0.00222222	0.9	0.001513	1.4698
0,1,2,3,4,2	0.00222222	0.902222	0.019019	0.114875
0,1,0,1,2,2	0.00222222	0.904444	0.000847	2.62726
0,0,1,1,0,0	0.00222222	0.906667	0.001858	1.19647
0,1,2,3,2,4	0.00222222	0.908889	0.018909	0.115557
0,1,2,3,1,3	0.00222222	0.911111	0.003214	0.690732
0,0,1,1,0,2	0.00222222	0.913333	0.001585	1.40293
0,1,1,0,2,0	0.00222222	0.915556	0.00162	1.37257
0,1,2,1,3,1	0.00222222	0.917778	0.006388	0.346422
0,1,2,1,2,0	0.00222222	0.92	0.000759	2.93212
0,1,1,0,2,3	0.00222222	0.922222	0.003338	0.66499
0,0,1,1,2,1	0.00222222	0.924444	0.001579	1.40827
0,0,1,1,2,2	0.00222222	0.926667	0.000772	2.88271
0,1,2,1,0,1	0.00222222	0.928889	0.001579	1.40827
0,1,2,0,3,4	0.00222222	0.931111	0.019289	0.113236
0,1,1,1,2,1	0.00222222	0.933333	0.004822	0.45965
0,1,2,0,3,0	0.00222222	0.935556	0.006398	0.345877
0,1,0,0,0,1	0.00222222	0.937778	0.001862	1.19389
0,1,2,0,1,1	0.00222222	0.94	0.001627	1.36666
0,1,1,0,1,1	0.00222222	0.942222	0.001793	1.23992
0,0,1,2,3,2	0.00222222	0.944444	0.003236	0.686021
0,1,1,2,3,1	0.00222222	0.946667	0.006433	0.343983
0,1,1,2,1,3	0.00222222	0.948889	0.006402	0.34566
0,1,1,2,2,0	0.00222222	0.951111	0.000791	2.81341
0,1,1,2,2,1	0.00222222	0.953333	0.001528	1.45535
0,0,1,2,3,0	0.00222222	0.955556	0.00632	0.350173
0,0,1,2,3,1	0.00111111	0.956667	0.003199	0.346605
0,1,1,2,3,0	0.00111111	0.957778	0.003265	0.339576
0,1,1,2,1,2	0.00111111	0.958889	0.001592	0.697598
0,0,1,2,2,2	0.00111111	0.96	0.001568	0.708293
0,0,1,2,2,1	0.00111111	0.961111	0.00076	1.4625
0,0,1,2,1,1	0.00111111	0.962222	0.001622	0.684675
0,0,1,2,0,2	0.00111111	0.963333	0.001596	0.695847
0,1,1,2,0,2	0.00111111	0.964444	0.000811	1.37046
0,0,1,2,3,3	0.00111111	0.965556	0.003188	0.347805
0,1,1,1,2,2	0.00111111	0.966667	0.001573	0.706038
0,1,1,1,2,0	0.00111111	0.967778	0.001599	0.694539
0,1,0,0,1,2	0.00111111	0.968889	0.00155	0.716531
0,0,1,2,0,1	0.00111111	0.97	0.001489	0.745931
0,1,0,0,2,0	0.00111111	0.971111	0.004742	0.233461
0,1,0,0,2,1	0.00111111	0.972222	0.001618	0.68637
0,1,1,0,2,2	0.00111111	0.973333	0.000804	1.3824
0,1,1,0,2,1	0.00111111	0.974444	0.001575	0.70514
0,1,2,2,0,3	0.00111111	0.975556	0.003283	0.337708
0,1,2,2,2,0	0.00111111	0.976667	0.001563	0.710562
0,0,1,1,1,2	0.00111111	0.977778	0.001562	0.711018
0,1,2,2,2,3	0.00111111	0.978889	0.006469	0.170838
0,1,2,2,3,0	0.00111111	0.98	0.003264	0.33968
0,0,1,1,1,0	0.00111111	0.981111	0.00123	0.903235
0,1,2,2,3,3	0.00111111	0.982222	0.003164	0.350451
0,1,0,2,2,0	0.00111111	0.983333	0.001578	0.703797
0,1,2,3,0,1	0.00111111	0.984444	0.003231	0.343161
0,1,2,3,0,2	0.00111111	0.985556	0.003246	0.34157
0,1,2,3,1,0	0.00111111	0.986667	0.003288	0.337193
0,0,1,1,0,1	0.00111111	0.987778	0.001213	0.915909
0,1,1,0,0,2	0.00111111	0.988889	0.00159	0.698477
0,1,2,3,1,4	0.00111111	0.99	0.018839	0.0579326
0,1,1,0,0,1	0.00111111	0.991111	0.00123	0.903235
0,1,2,3,3,2	0.00111111	0.992222	0.003217	0.344659
0,1,0,0,2,2	0.00111111	0.993333	0.001506	0.737498
0,0,1,0,2,3	0.00111111	0.994444	0.006363	0.173703
0,0,1,0,2,2	0.00111111	0.995556	0.001663	0.667767
0,1,0,2,0,2	0.00111111	0.996667	0.001617	0.686796
0,1,2,3,4,3	0.00111111	0.997778	0.01914	0.057004
0,0,1,0,1,2	0.00111111	0.998889	0.001583	0.701571
0,1,0,2,1,0	0.00111111	1	0.001605	0.691939
