Run	Prob_1_Event	Prob_2_Events	Prob_3_Events	Prob_4_Events	Prob_5_Events	Prob_6_Events	Mean_Divergence_PopA_PopB	Mean_Divergence_PopC_PopD	Mean_Divergence_PopE_PopF	Mean_Divergence_PopG_PopH	Mean_Divergence_PopI_PopJ	Mean_Divergence_PopK_PopL	Gene_Length	Population_Size	Mutation_Rate	Samples_Simulated_Per_Pop	True_Number_Events	True_Divergence_PopA_PopB	True_Divergence_PopC_PopD	True_Divergence_PopE_PopF	True_Divergence_PopG_PopH	True_Divergence_PopI_PopJ	True_Divergence_PopK_PopL
1	0	0.114885	0.234765	0.315684	0.244755	0.08991	0.000282	0.000168	0.003555	0.002793	0.004422	0.004138	1000	10000	1.00E-08	10	3	10000	10000	170000	170000	330000	330000
2	0.000999	0.141858	0.302697	0.321678	0.18981	0.042957	0.000467	0.000474	0.002033	0.0008	0.003866	0.00379	1000	10000	1.00E-08	10	3	10000	10000	170000	170000	330000	330000
3	0.007992	0.157842	0.287712	0.303696	0.187812	0.054945	0.000652	0.000831	0.001439	0.002663	0.004119	0.001414	1000	10000	1.00E-08	10	3	10000	10000	170000	170000	330000	330000
4	0	0.015984	0.168831	0.365634	0.350649	0.098901	0.000118	0.000371	0.000961	0.001809	0.004124	0.005752	1000	10000	1.00E-08	10	3	10000	10000	170000	170000	330000	330000
5	0	0.04995	0.230769	0.353646	0.284715	0.080919	0.000473	0.0005	0.000857	0.001398	0.0047	0.006837	1000	10000	1.00E-08	10	3	10000	10000	170000	170000	330000	330000
6	0.004995	0.146853	0.290709	0.313686	0.188811	0.054945	0.00057	0.000699	0.002565	0.002843	0.001516	0.003837	1000	10000	1.00E-08	10	3	10000	10000	170000	170000	330000	330000
7	0	0.190809	0.320679	0.293706	0.158841	0.035964	0.000352	0.000116	0.001366	0.002274	0.00197	0.002474	1000	10000	1.00E-08	10	3	10000	10000	170000	170000	330000	330000
8	0.005994	0.141858	0.317682	0.324675	0.168831	0.040959	0.000507	0.000541	0.002565	0.001092	0.003889	0.001949	1000	10000	1.00E-08	10	3	10000	10000	170000	170000	330000	330000
9	0.000999	0.091908	0.268731	0.320679	0.237762	0.07992	0.000386	0.000416	0.003011	0.003329	0.00493	0.004072	1000	10000	1.00E-08	10	3	10000	10000	170000	170000	330000	330000
10	0	0.088911	0.233766	0.318681	0.24975	0.108891	0.000117	0.001996	0.003194	0.004106	0.003843	0.004232	1000	10000	1.00E-08	10	3	10000	10000	170000	170000	330000	330000
11	0.003996	0.167832	0.30969	0.287712	0.181818	0.048951	0.000388	0.000376	0.002298	0.002622	0.003122	0.003476	1000	10000	1.00E-08	10	3	10000	10000	170000	170000	330000	330000
12	0.008991	0.166833	0.297702	0.295704	0.16983	0.060939	0.000566	0.000665	0.002844	0.002582	0.002605	0.003734	1000	10000	1.00E-08	10	3	10000	10000	170000	170000	330000	330000
13	0	0.100899	0.298701	0.313686	0.221778	0.064935	0.000101	0.000521	0.00108	0.001652	0.002677	0.002847	1000	10000	1.00E-08	10	3	10000	10000	170000	170000	330000	330000
14	0	0.060939	0.208791	0.317682	0.314685	0.097902	0.000409	0.000442	0.002425	0.003237	0.005003	0.004763	1000	10000	1.00E-08	10	3	10000	10000	170000	170000	330000	330000
15	0	0.145854	0.373626	0.32967	0.120879	0.02997	0.000248	0.000143	0.000209	0.002258	0.004156	0.00353	1000	10000	1.00E-08	10	3	10000	10000	170000	170000	330000	330000
16	0	0.064935	0.264735	0.33966	0.244755	0.085914	0.000354	0.00009	0.002199	0.002263	0.002851	0.004212	1000	10000	1.00E-08	10	3	10000	10000	170000	170000	330000	330000
17	0.003996	0.176823	0.277722	0.308691	0.186813	0.045954	0.000375	0.000378	0.00318	0.003273	0.003854	0.002807	1000	10000	1.00E-08	10	3	10000	10000	170000	170000	330000	330000
18	0	0.23976	0.351648	0.263736	0.120879	0.023976	0.000161	0.000181	0.00203	0.001296	0.002033	0.002409	1000	10000	1.00E-08	10	3	10000	10000	170000	170000	330000	330000
19	0.111888	0.285714	0.286713	0.215784	0.07992	0.01998	0.000778	0.000879	0.002011	0.001922	0.002012	0.001861	1000	10000	1.00E-08	10	3	10000	10000	170000	170000	330000	330000
20	0.000999	0.124875	0.301698	0.315684	0.1998	0.056943	0.000075	0.000288	0.001955	0.001714	0.003454	0.002168	1000	10000	1.00E-08	10	3	10000	10000	170000	170000	330000	330000
21	0	0.018981	0.156843	0.33966	0.33966	0.144855	0.0006	0.000108	0.000857	0.001959	0.005094	0.005701	1000	10000	1.00E-08	10	3	10000	10000	170000	170000	330000	330000
22	0.003996	0.145854	0.322677	0.313686	0.16983	0.043956	0.00047	0.000524	0.002508	0.002259	0.003126	0.003374	1000	10000	1.00E-08	10	3	10000	10000	170000	170000	330000	330000
23	0	0.260739	0.398601	0.244755	0.07992	0.015984	0.000191	0.000354	0.000321	0.000827	0.002643	0.00151	1000	10000	1.00E-08	10	3	10000	10000	170000	170000	330000	330000
24	0.023976	0.24975	0.318681	0.25974	0.115884	0.031968	0.000698	0.000678	0.001273	0.001747	0.002196	0.003124	1000	10000	1.00E-08	10	3	10000	10000	170000	170000	330000	330000
25	0.000999	0.186813	0.322677	0.276723	0.167832	0.044955	0.000197	0.00036	0.001849	0.002429	0.002892	0.002695	1000	10000	1.00E-08	10	3	10000	10000	170000	170000	330000	330000
26	0	0.098901	0.296703	0.323676	0.215784	0.064935	0.000537	0.000447	0.004009	0.000711	0.005294	0.005711	1000	10000	1.00E-08	10	3	10000	10000	170000	170000	330000	330000
27	0.105894	0.255744	0.315684	0.1998	0.098901	0.023976	0.000769	0.000756	0.00178	0.001811	0.001749	0.002225	1000	10000	1.00E-08	10	3	10000	10000	170000	170000	330000	330000
28	0	0.047952	0.266733	0.370629	0.244755	0.06993	0.000392	0.00014	0.002014	0.002152	0.001704	0.004696	1000	10000	1.00E-08	10	3	10000	10000	170000	170000	330000	330000
29	0	0.045954	0.230769	0.375624	0.301698	0.045954	0.000098	0.000091	0.003119	0.002061	0.003842	0.005389	1000	10000	1.00E-08	10	3	10000	10000	170000	170000	330000	330000
30	0.002997	0.130869	0.298701	0.323676	0.195804	0.047952	0.000715	0.000686	0.001365	0.001828	0.004667	0.002796	1000	10000	1.00E-08	10	3	10000	10000	170000	170000	330000	330000