model	post_prob	cumulative_post_prob	prior_prob	bf
0,0,0,0,0,0	0.276667	0.276667	0.02603	14.3117
0,0,0,0,0,1	0.122222	0.398889	0.007312	18.9035
0,1,1,1,1,1	0.0622222	0.461111	0.007306	9.01532
0,0,0,1,0,1	0.0566667	0.517778	0.001861	32.2186
0,0,0,1,0,2	0.04	0.557778	0.004764	8.70449
0,1,1,1,1,2	0.0255556	0.583333	0.004566	5.71748
0,0,1,1,0,1	0.0244444	0.607778	0.001218	20.5471
0,1,1,1,0,1	0.0211111	0.628889	0.001839	11.7057
0,0,1,1,1,1	0.0177778	0.646667	0.001945	9.28758
0,1,0,1,0,1	0.0155556	0.662222	0.001282	12.3097
0,0,1,0,0,2	0.0122222	0.674444	0.004764	2.58491
0,0,0,1,0,0	0.0122222	0.686667	0.007492	1.63918
0,0,1,1,0,2	0.0122222	0.698889	0.00163	7.5787
0,1,1,1,0,2	0.01	0.708889	0.001542	6.54049
0,0,1,0,0,0	0.01	0.718889	0.007381	1.35841
0,1,0,0,0,2	0.00888889	0.727778	0.004772	1.87046
0,1,2,1,1,1	0.00888889	0.736667	0.004759	1.87559
0,1,0,1,1,1	0.00888889	0.745556	0.00179	5.00143
0,1,0,0,0,1	0.00888889	0.754444	0.001828	4.89727
0,1,0,2,0,3	0.00777778	0.762222	0.006458	1.20597
0,0,0,1,1,1	0.00777778	0.77	0.00131	5.97594
0,1,1,1,2,1	0.00777778	0.777778	0.004645	1.67973
0,0,1,0,0,1	0.00666667	0.784444	0.001875	3.57271
0,0,0,0,1,2	0.00666667	0.791111	0.004679	1.42766
0,0,1,2,0,2	0.00666667	0.797778	0.001556	4.30653
0,0,1,1,1,2	0.00666667	0.804444	0.001581	4.23833
0,1,1,2,1,2	0.00666667	0.811111	0.001512	4.43205
0,1,0,1,0,2	0.00666667	0.817778	0.001588	4.21962
0,0,0,1,2,1	0.00555556	0.823333	0.0016	3.48603
0,1,0,2,0,2	0.00444444	0.827778	0.001581	2.81925
0,1,0,0,1,1	0.00444444	0.832222	0.001188	3.75335
0,0,1,2,1,3	0.00444444	0.836667	0.003159	1.40873
0,1,2,2,2,2	0.00444444	0.841111	0.004661	0.953331
0,1,2,2,2,3	0.00444444	0.845556	0.006228	0.712345
0,0,0,0,1,1	0.00444444	0.85	0.001861	2.3944
0,0,1,2,0,3	0.00333333	0.853333	0.006314	0.526349
0,1,1,2,0,2	0.00333333	0.856667	0.000863	3.87207
0,0,0,0,1,0	0.00333333	0.86	0.00742	0.447394
0,1,1,2,0,3	0.00333333	0.863333	0.003142	1.0611
0,0,0,1,1,0	0.00333333	0.866667	0.001854	1.80058
0,1,0,1,1,2	0.00333333	0.87	0.00162	2.06115
0,1,0,0,0,0	0.00333333	0.873333	0.007402	0.44849
0,1,2,2,1,3	0.00333333	0.876667	0.003175	1.05004
0,0,1,0,1,1	0.00333333	0.88	0.001241	2.69164
0,1,2,2,2,1	0.00333333	0.883333	0.001584	2.10807
0,1,2,3,1,4	0.00333333	0.886667	0.018794	0.17461
0,0,0,1,1,2	0.00333333	0.89	0.001576	2.11879
0,1,1,2,1,3	0.00333333	0.893333	0.006501	0.511112
0,1,0,2,3,1	0.00222222	0.895556	0.003214	0.690732
0,1,0,1,1,0	0.00222222	0.897778	0.00121	1.83841
0,1,2,3,2,4	0.00222222	0.9	0.019185	0.113862
0,0,0,1,2,2	0.00222222	0.902222	0.001609	1.38197
0,1,0,1,2,1	0.00222222	0.904444	0.001559	1.42636
0,0,0,1,2,3	0.00222222	0.906667	0.006411	0.345171
0,0,1,0,1,2	0.00222222	0.908889	0.001545	1.43931
0,0,1,2,3,3	0.00222222	0.911111	0.003236	0.686021
0,0,1,2,3,1	0.00222222	0.913333	0.003223	0.688797
0,1,2,2,0,3	0.00222222	0.915556	0.003126	0.71024
0,1,2,2,0,2	0.00222222	0.917778	0.001498	1.48454
0,1,0,2,3,4	0.00222222	0.92	0.019056	0.114648
0,1,2,1,3,4	0.00222222	0.922222	0.018944	0.115339
0,1,1,0,0,1	0.00222222	0.924444	0.001221	1.82183
0,1,2,1,3,1	0.00222222	0.926667	0.00651	0.339888
0,1,1,0,1,0	0.00222222	0.928889	0.001212	1.83537
0,1,2,1,2,2	0.00222222	0.931111	0.001526	1.45726
0,1,2,1,1,3	0.00222222	0.933333	0.00628	0.352418
0,1,2,1,0,3	0.00222222	0.935556	0.003119	0.711839
0,1,2,1,0,1	0.00222222	0.937778	0.001622	1.37087
0,1,2,3,4,5	0.00222222	0.94	0.153611	0.0122716
0,1,1,2,2,2	0.00222222	0.942222	0.001594	1.39499
0,0,1,1,1,0	0.00222222	0.944444	0.001229	1.80995
0,0,1,1,2,2	0.00222222	0.946667	0.000823	2.70394
0,1,1,1,2,3	0.00222222	0.948889	0.006445	0.343339
0,1,1,2,1,1	0.00222222	0.951111	0.004725	0.469132
0,0,1,2,0,1	0.00222222	0.953333	0.00157	1.41635
0,1,1,2,0,1	0.00111111	0.954444	0.001541	0.720722
0,0,1,1,2,3	0.00111111	0.955556	0.00331	0.334944
0,1,1,2,0,0	0.00111111	0.956667	0.001529	0.726387
0,1,1,1,2,2	0.00111111	0.957778	0.001646	0.674676
0,0,1,2,1,0	0.00111111	0.958889	0.001552	0.715606
0,0,1,2,1,1	0.00111111	0.96	0.00157	0.707389
0,1,1,2,2,3	0.00111111	0.961111	0.003278	0.338225
0,1,1,2,3,1	0.00111111	0.962222	0.006443	0.171532
0,0,1,2,1,2	0.00111111	0.963333	0.00079	1.40692
0,1,2,0,0,1	0.00111111	0.964444	0.001567	0.708745
0,1,2,0,1,3	0.00111111	0.965556	0.003185	0.348133
0,1,2,0,2,3	0.00111111	0.966667	0.003189	0.347695
0,0,1,2,2,2	0.00111111	0.967778	0.001586	0.700241
0,1,2,1,0,2	0.00111111	0.968889	0.000833	1.33424
0,0,1,2,2,3	0.00111111	0.97	0.003161	0.350785
0,0,1,0,2,2	0.00111111	0.971111	0.001591	0.698037
0,1,2,1,1,2	0.00111111	0.972222	0.001646	0.674676
0,1,1,0,1,2	0.00111111	0.973333	0.001565	0.709653
0,1,2,1,2,1	0.00111111	0.974444	0.00155	0.716531
0,1,1,0,1,1	0.00111111	0.975556	0.001826	0.608059
0,1,1,0,0,2	0.00111111	0.976667	0.001547	0.717923
0,1,2,1,3,3	0.00111111	0.977778	0.003299	0.336065
0,1,1,0,0,0	0.00111111	0.978889	0.001824	0.608727
0,1,0,0,2,2	0.00111111	0.98	0.001606	0.691507
0,1,0,2,1,2	0.00111111	0.981111	0.000818	1.35873
0,1,2,2,1,1	0.00111111	0.982222	0.001547	0.717923
0,1,0,2,0,1	0.00111111	0.983333	0.001633	0.680055
0,0,1,0,1,0	0.00111111	0.984444	0.001883	0.589619
0,1,0,1,2,3	0.00111111	0.985556	0.003284	0.337605
0,0,1,2,3,4	0.00111111	0.986667	0.019027	0.0573492
0,1,2,2,3,4	0.00111111	0.987778	0.018716	0.0583206
0,1,2,3,0,4	0.00111111	0.988889	0.019218	0.0567681
0,0,0,1,2,0	0.00111111	0.99	0.004719	0.234604
0,1,2,3,2,2	0.00111111	0.991111	0.006293	0.175647
0,1,2,3,2,3	0.00111111	0.992222	0.003201	0.346388
0,1,0,0,1,2	0.00111111	0.993333	0.001651	0.672629
0,1,2,3,3,2	0.00111111	0.994444	0.003197	0.346822
0,1,2,3,3,4	0.00111111	0.995556	0.019043	0.0573
0,1,2,3,4,2	0.00111111	0.996667	0.018975	0.0575094
0,1,2,3,4,3	0.00111111	0.997778	0.019143	0.0569949
0,1,2,3,4,4	0.00111111	0.998889	0.019022	0.0573645
0,1,1,2,3,2	0.00111111	1	0.003235	0.342735
