model	post_prob	cumulative_post_prob	prior_prob	bf
0,0,0,0,0,0	0.34	0.34	0.02587	19.3979
0,0,0,1,0,0	0.245556	0.585556	0.007468	43.2576
0,1,1,0,1,1	0.0355556	0.621111	0.001813	20.2976
0,0,1,2,0,0	0.0211111	0.642222	0.004843	4.43154
0,0,0,0,1,0	0.0188889	0.661111	0.007422	2.57473
0,1,0,1,0,0	0.0188889	0.68	0.001825	10.5301
0,1,1,1,1,1	0.0188889	0.698889	0.007292	2.62098
0,1,1,2,1,1	0.0188889	0.717778	0.004816	3.97837
0,0,0,1,0,2	0.0177778	0.735556	0.004817	3.73933
0,1,0,2,0,0	0.0177778	0.753333	0.004821	3.73621
0,0,1,0,0,0	0.0155556	0.768889	0.00749	2.09386
0,0,0,1,2,0	0.0133333	0.782222	0.00467	2.88017
0,1,0,0,0,0	0.01	0.792222	0.007372	1.36008
0,0,0,0,0,1	0.00888889	0.801111	0.007389	1.20481
0,0,0,1,0,1	0.00777778	0.808889	0.001856	4.21562
0,1,2,3,2,2	0.00666667	0.815556	0.006403	1.04145
0,0,1,0,1,1	0.00666667	0.822222	0.001198	5.59547
0,0,1,2,0,1	0.00666667	0.828889	0.001645	4.07317
0,1,1,0,0,1	0.00555556	0.834444	0.001217	4.58488
0,0,0,1,2,2	0.00555556	0.84	0.001598	3.4904
0,0,1,2,1,1	0.00555556	0.845556	0.00155	3.59867
0,0,0,1,1,0	0.00555556	0.851111	0.001832	3.04386
0,0,1,0,0,1	0.00555556	0.856667	0.001883	2.96127
0,1,0,2,1,1	0.00444444	0.861111	0.001565	2.84811
0,1,1,1,0,0	0.00444444	0.865556	0.00126	3.53862
0,0,1,2,3,0	0.00444444	0.87	0.006418	0.691124
0,0,1,2,1,0	0.00333333	0.873333	0.001556	2.14607
0,1,0,2,1,0	0.00333333	0.876667	0.00161	2.07397
0,1,0,2,0,1	0.00333333	0.88	0.001538	2.17122
0,1,1,1,1,0	0.00333333	0.883333	0.001853	1.80156
0,1,0,1,1,0	0.00333333	0.886667	0.001223	2.73131
0,0,1,1,1,1	0.00333333	0.89	0.001785	1.87031
0,1,0,0,1,0	0.00333333	0.893333	0.001783	1.87242
0,1,1,2,0,0	0.00333333	0.896667	0.001562	2.13781
0,1,1,2,0,1	0.00333333	0.9	0.001527	2.18689
0,0,1,1,0,0	0.00222222	0.902222	0.001853	1.1997
0,1,1,2,1,3	0.00222222	0.904444	0.006577	0.336403
0,1,2,1,1,1	0.00222222	0.906667	0.004693	0.472346
0,1,2,1,2,3	0.00222222	0.908889	0.003188	0.696384
0,1,2,3,0,0	0.00222222	0.911111	0.00638	0.346859
0,1,1,1,2,1	0.00222222	0.913333	0.004742	0.467442
0,0,0,1,2,3	0.00222222	0.915556	0.006438	0.343714
0,1,1,1,0,1	0.00222222	0.917778	0.001894	1.17368
0,1,0,1,0,2	0.00222222	0.92	0.001567	1.41907
0,0,1,1,0,2	0.00222222	0.922222	0.001476	1.5067
0,1,2,3,0,2	0.00222222	0.924444	0.003194	0.695071
0,1,1,0,2,2	0.00222222	0.926667	0.000729	3.05288
0,1,0,1,2,0	0.00222222	0.928889	0.001559	1.42636
0,0,1,0,1,0	0.00222222	0.931111	0.001798	1.23647
0,1,1,0,0,0	0.00222222	0.933333	0.001915	1.16079
0,0,1,0,2,0	0.00222222	0.935556	0.004611	0.480786
0,1,2,3,1,1	0.00222222	0.937778	0.006392	0.346204
0,0,1,1,0,1	0.00222222	0.94	0.001222	1.82034
0,1,0,0,1,1	0.00222222	0.942222	0.001289	1.7256
0,1,0,2,1,2	0.00111111	0.943333	0.00076	1.4625
0,1,0,2,1,3	0.00111111	0.944444	0.003207	0.345737
0,1,0,2,3,0	0.00111111	0.945556	0.006264	0.176465
0,1,0,1,2,3	0.00111111	0.946667	0.003289	0.33709
0,1,0,1,2,1	0.00111111	0.947778	0.001508	0.736518
0,1,1,0,0,2	0.00111111	0.948889	0.001635	0.679222
0,0,1,0,0,2	0.00111111	0.95	0.004865	0.22753
0,1,1,0,1,2	0.00111111	0.951111	0.001568	0.708293
0,1,0,1,1,2	0.00111111	0.952222	0.001606	0.691507
0,1,0,1,1,1	0.00111111	0.953333	0.001832	0.606064
0,1,0,1,0,1	0.00111111	0.954444	0.001171	0.9488
0,0,1,1,1,0	0.00111111	0.955556	0.001238	0.897391
0,0,1,0,2,1	0.00111111	0.956667	0.001598	0.694975
0,1,1,1,1,2	0.00111111	0.957778	0.004728	0.234156
0,1,0,0,2,0	0.00111111	0.958889	0.004825	0.229426
0,1,1,1,2,2	0.00111111	0.96	0.001612	0.688929
0,1,0,0,0,2	0.00111111	0.961111	0.004812	0.230049
0,1,0,0,0,1	0.00111111	0.962222	0.001845	0.601786
0,1,1,2,0,3	0.00111111	0.963333	0.003195	0.34704
0,1,1,2,1,0	0.00111111	0.964444	0.001598	0.694975
0,0,0,1,1,1	0.00111111	0.965556	0.001199	0.926617
0,1,1,2,1,2	0.00111111	0.966667	0.001548	0.717458
0,0,1,2,3,4	0.00111111	0.967778	0.01904	0.0573092
0,1,1,2,2,1	0.00111111	0.968889	0.001587	0.699799
0,1,1,2,3,0	0.00111111	0.97	0.003392	0.32682
0,1,1,2,3,2	0.00111111	0.971111	0.003172	0.349565
0,1,1,2,3,3	0.00111111	0.972222	0.003226	0.343695
0,1,1,2,3,4	0.00111111	0.973333	0.019105	0.0571105
0,1,2,0,0,0	0.00111111	0.974444	0.004637	0.238773
0,1,2,0,0,1	0.00111111	0.975556	0.001558	0.712846
0,1,2,0,1,1	0.00111111	0.976667	0.001552	0.715606
0,1,2,0,2,2	0.00111111	0.977778	0.001505	0.737989
0,1,2,0,3,4	0.00111111	0.978889	0.019166	0.0569252
0,1,2,1,0,0	0.00111111	0.98	0.001547	0.717923
0,1,2,1,0,1	0.00111111	0.981111	0.001569	0.707841
0,1,2,1,1,0	0.00111111	0.982222	0.001623	0.684252
0,0,1,2,3,3	0.00111111	0.983333	0.003146	0.352463
0,1,2,1,1,2	0.00111111	0.984444	0.001546	0.718388
0,0,1,2,3,2	0.00111111	0.985556	0.003142	0.352913
0,1,2,2,0,1	0.00111111	0.986667	0.000755	1.4722
0,1,2,2,1,1	0.00111111	0.987778	0.001595	0.696284
0,1,2,2,2,2	0.00111111	0.988889	0.004748	0.233165
0,0,1,2,3,1	0.00111111	0.99	0.00323	0.343268
0,1,2,3,0,1	0.00111111	0.991111	0.003236	0.342629
0,0,1,2,2,1	0.00111111	0.992222	0.000796	1.39631
0,1,2,3,0,4	0.00111111	0.993333	0.019143	0.0569949
0,0,1,2,1,2	0.00111111	0.994444	0.000795	1.39807
0,1,2,3,1,3	0.00111111	0.995556	0.003206	0.345846
0,1,2,3,2,1	0.00111111	0.996667	0.003205	0.345954
0,0,0,0,1,1	0.00111111	0.997778	0.001889	0.587743
0,1,2,3,3,1	0.00111111	0.998889	0.003195	0.34704
0,1,2,3,3,3	0.00111111	1	0.006453	0.171264
