model	post_prob	cumulative_post_prob	prior_prob	bf
0,0,0,0,0,0	0.573333	0.573333	0.026112	50.1173
0,0,0,0,0,1	0.0522222	0.625556	0.007345	7.44655
0,1,1,1,1,1	0.0333333	0.658889	0.00741	4.61906
0,0,0,0,1,0	0.0266667	0.685556	0.007316	3.71744
0,0,1,0,0,0	0.0266667	0.712222	0.007525	3.61343
0,0,0,1,0,0	0.02	0.732222	0.007416	2.7315
0,1,0,0,0,0	0.0177778	0.75	0.00747	2.40487
0,1,0,0,0,1	0.0111111	0.761111	0.001776	6.31532
0,0,1,1,0,1	0.0111111	0.772222	0.001219	9.20612
0,0,0,1,0,1	0.01	0.782222	0.001821	5.53686
0,0,1,0,0,1	0.01	0.792222	0.001815	5.55519
0,1,1,0,0,1	0.00666667	0.798889	0.001262	5.31136
0,1,1,1,1,2	0.00666667	0.805556	0.004703	1.42034
0,1,1,1,0,1	0.00666667	0.812222	0.001865	3.5919
0,0,1,1,0,0	0.00555556	0.817778	0.001812	3.07752
0,1,1,0,1,1	0.00555556	0.823333	0.001839	3.03226
0,0,0,1,0,2	0.00555556	0.828889	0.004695	1.18432
0,1,0,2,0,2	0.00555556	0.834444	0.001518	3.67465
0,1,0,1,1,1	0.00444444	0.838889	0.001831	2.4337
0,1,1,0,1,0	0.00444444	0.843333	0.001268	3.51627
0,0,1,0,0,2	0.00444444	0.847778	0.004724	0.940558
0,0,0,0,1,2	0.00444444	0.852222	0.004728	0.939759
0,0,0,0,1,1	0.00444444	0.856667	0.001886	2.3626
0,1,1,1,0,0	0.00444444	0.861111	0.001165	3.82754
0,0,1,1,1,2	0.00333333	0.864444	0.001575	2.12014
0,1,0,0,1,1	0.00333333	0.867778	0.001245	2.68299
0,0,0,1,1,0	0.00333333	0.871111	0.001874	1.78133
0,0,1,1,1,1	0.00333333	0.874444	0.00188	1.77564
0,0,1,0,1,1	0.00333333	0.877778	0.001225	2.72684
0,1,1,2,2,2	0.00333333	0.881111	0.001599	2.08826
0,1,0,0,2,0	0.00333333	0.884444	0.004818	0.690819
0,1,1,1,2,1	0.00333333	0.887778	0.004798	0.693713
0,1,1,0,0,0	0.00333333	0.891111	0.001901	1.75598
0,1,0,0,1,0	0.00333333	0.894444	0.001803	1.85161
0,1,0,0,0,2	0.00333333	0.897778	0.004562	0.729773
0,1,1,2,0,1	0.00222222	0.9	0.001593	1.39587
0,1,2,0,0,1	0.00222222	0.902222	0.001559	1.42636
0,1,2,1,2,1	0.00222222	0.904444	0.001622	1.37087
0,1,1,2,1,0	0.00222222	0.906667	0.001544	1.44024
0,0,1,2,1,0	0.00222222	0.908889	0.001541	1.44305
0,1,1,2,2,1	0.00222222	0.911111	0.0016	1.38976
0,0,1,2,0,1	0.00222222	0.913333	0.001555	1.43004
0,0,1,2,0,0	0.00222222	0.915556	0.004735	0.468136
0,1,2,1,2,2	0.00222222	0.917778	0.001565	1.42089
0,1,1,2,3,4	0.00222222	0.92	0.018928	0.115438
0,1,0,1,0,1	0.00222222	0.922222	0.001292	1.72159
0,1,1,1,1,0	0.00222222	0.924444	0.001874	1.18623
0,1,0,1,1,0	0.00222222	0.926667	0.001222	1.82034
0,0,1,0,1,0	0.00222222	0.928889	0.001799	1.23578
0,1,2,1,3,0	0.00222222	0.931111	0.003205	0.692678
0,1,2,2,1,1	0.00222222	0.933333	0.001586	1.40204
0,0,0,1,2,0	0.00222222	0.935556	0.004746	0.467046
0,0,0,1,1,2	0.00222222	0.937778	0.001594	1.39499
0,1,2,3,3,3	0.00222222	0.94	0.006386	0.346531
0,1,1,2,2,3	0.00222222	0.942222	0.003316	0.669417
0,0,1,1,0,2	0.00222222	0.944444	0.001576	1.41095
0,1,0,2,2,3	0.00111111	0.945556	0.003287	0.337296
0,1,0,2,3,0	0.00111111	0.946667	0.00639	0.172964
0,1,0,2,3,1	0.00111111	0.947778	0.003274	0.338639
0,1,0,2,2,2	0.00111111	0.948889	0.001565	0.709653
0,1,0,2,2,0	0.00111111	0.95	0.001603	0.692803
0,1,1,0,0,2	0.00111111	0.951111	0.001575	0.70514
0,1,0,2,0,3	0.00111111	0.952222	0.006675	0.165531
0,1,0,2,0,0	0.00111111	0.953333	0.004679	0.236619
0,1,1,0,1,2	0.00111111	0.954444	0.00162	0.685522
0,1,1,0,2,2	0.00111111	0.955556	0.000773	1.43789
0,1,0,1,2,3	0.00111111	0.956667	0.003205	0.345954
0,1,0,1,2,0	0.00111111	0.957778	0.001618	0.68637
0,1,1,1,0,2	0.00111111	0.958889	0.001597	0.695411
0,1,0,1,0,2	0.00111111	0.96	0.001539	0.72166
0,1,0,1,0,0	0.00111111	0.961111	0.001862	0.596281
0,1,0,0,2,1	0.00111111	0.962222	0.001541	0.720722
0,1,0,0,1,2	0.00111111	0.963333	0.001557	0.713305
0,1,1,1,2,2	0.00111111	0.964444	0.001553	0.715145
0,1,1,1,2,3	0.00111111	0.965556	0.006404	0.172583
0,0,1,2,3,2	0.00111111	0.966667	0.003179	0.348792
0,0,1,2,1,1	0.00111111	0.967778	0.001516	0.732626
0,1,1,2,1,3	0.00111111	0.968889	0.006361	0.173757
0,0,1,2,0,2	0.00111111	0.97	0.001592	0.697598
0,0,1,1,2,0	0.00111111	0.971111	0.001547	0.717923
0,0,1,1,1,0	0.00111111	0.972222	0.001216	0.913647
0,0,1,0,2,2	0.00111111	0.973333	0.001593	0.697159
0,1,2,0,0,0	0.00111111	0.974444	0.004817	0.229809
0,0,1,0,2,1	0.00111111	0.975556	0.00153	0.725912
0,1,2,0,2,2	0.00111111	0.976667	0.001565	0.709653
0,1,2,0,3,1	0.00111111	0.977778	0.003271	0.338951
0,1,2,0,3,4	0.00111111	0.978889	0.018651	0.0585277
0,1,2,1,0,1	0.00111111	0.98	0.001482	0.749459
0,1,2,1,1,1	0.00111111	0.981111	0.004662	0.237486
0,0,1,0,2,0	0.00111111	0.982222	0.004906	0.22562
0,0,1,0,1,2	0.00111111	0.983333	0.001638	0.677976
0,0,0,1,2,3	0.00111111	0.984444	0.006542	0.168919
0,1,2,1,3,2	0.00111111	0.985556	0.00325	0.341148
0,0,0,1,2,1	0.00111111	0.986667	0.001521	0.730214
0,1,2,2,2,0	0.00111111	0.987778	0.001613	0.688501
0,1,2,2,2,1	0.00111111	0.988889	0.001629	0.681728
0,1,2,2,2,2	0.00111111	0.99	0.00469	0.236062
0,1,2,2,3,2	0.00111111	0.991111	0.006395	0.172828
0,1,2,2,3,3	0.00111111	0.992222	0.003358	0.33014
0,1,2,2,3,4	0.00111111	0.993333	0.018974	0.0575125
0,1,2,3,1,0	0.00111111	0.994444	0.003203	0.346171
0,1,2,3,1,2	0.00111111	0.995556	0.00321	0.345413
0,1,2,3,2,2	0.00111111	0.996667	0.00656	0.168453
0,1,2,3,2,4	0.00111111	0.997778	0.018953	0.0575774
0,0,0,1,1,1	0.00111111	0.998889	0.00123	0.903235
0,1,2,3,3,4	0.00111111	1	0.019044	0.057297
