Run	Prob_1_Event	Prob_2_Events	Prob_3_Events	Prob_4_Events	Prob_5_Events	Prob_6_Events	Mean_Divergence_PopA_PopB	Mean_Divergence_PopC_PopD	Mean_Divergence_PopE_PopF	Mean_Divergence_PopG_PopH	Mean_Divergence_PopI_PopJ	Mean_Divergence_PopK_PopL	Gene_Length	Population_Size	Mutation_Rate	Samples_Simulated_Per_Pop	True_Number_Events	True_Divergence_PopA_PopB	True_Divergence_PopC_PopD	True_Divergence_PopE_PopF	True_Divergence_PopG_PopH	True_Divergence_PopI_PopJ	True_Divergence_PopK_PopL
1	0.625375	0.278721	0.060939	0.027972	0.005994	0.000999	0.000525	0.00046	0.000481	0.000474	0.00051	0.000573	1000	10000	1.00E-08	10	6	10000	20000	30000	40000	50000	60000
2	0.666334	0.23976	0.071928	0.016983	0.003996	0.000999	0.000455	0.000495	0.00051	0.00051	0.000457	0.000517	1000	10000	1.00E-08	10	6	10000	20000	30000	40000	50000	60000
3	0.563437	0.303696	0.097902	0.02997	0.003996	0.000999	0.000358	0.000368	0.000363	0.000543	0.000374	0.000483	1000	10000	1.00E-08	10	6	10000	20000	30000	40000	50000	60000
4	0.643357	0.251748	0.082917	0.018981	0.001998	0.000999	0.000566	0.000501	0.000492	0.000542	0.00054	0.000541	1000	10000	1.00E-08	10	6	10000	20000	30000	40000	50000	60000
5	0.095904	0.505495	0.277722	0.096903	0.021978	0.001998	0.000457	0.000369	0.000384	0.00038	0.002141	0.000601	1000	10000	1.00E-08	10	6	10000	20000	30000	40000	50000	60000
6	0.683317	0.244755	0.060939	0.008991	0	0.001998	0.000331	0.000355	0.000339	0.000354	0.000395	0.000349	1000	10000	1.00E-08	10	6	10000	20000	30000	40000	50000	60000
7	0.527473	0.297702	0.136863	0.028971	0.006993	0.001998	0.00051	0.000574	0.000611	0.000603	0.000787	0.000512	1000	10000	1.00E-08	10	6	10000	20000	30000	40000	50000	60000
8	0.282717	0.48951	0.188811	0.02997	0.007992	0.000999	0.000303	0.000312	0.000293	0.000305	0.00031	0.001197	1000	10000	1.00E-08	10	6	10000	20000	30000	40000	50000	60000
9	0.771229	0.188811	0.036963	0.001998	0	0.000999	0.000275	0.000272	0.000283	0.000289	0.000281	0.000272	1000	10000	1.00E-08	10	6	10000	20000	30000	40000	50000	60000
10	0.647353	0.272727	0.062937	0.012987	0.002997	0.000999	0.000254	0.00033	0.000281	0.000303	0.000361	0.000305	1000	10000	1.00E-08	10	6	10000	20000	30000	40000	50000	60000
11	0.355644	0.418581	0.168831	0.048951	0.005994	0.001998	0.000444	0.001218	0.000436	0.000409	0.000496	0.000431	1000	10000	1.00E-08	10	6	10000	20000	30000	40000	50000	60000
12	0.433566	0.35964	0.162837	0.036963	0.004995	0.001998	0.000628	0.000594	0.0007	0.000647	0.000727	0.001135	1000	10000	1.00E-08	10	6	10000	20000	30000	40000	50000	60000
13	0.234765	0.377622	0.228771	0.124875	0.027972	0.005994	0.0005	0.000329	0.00061	0.000923	0.000729	0.001051	1000	10000	1.00E-08	10	6	10000	20000	30000	40000	50000	60000
14	0.471528	0.333666	0.148851	0.033966	0.00999	0.001998	0.000333	0.000418	0.000406	0.000585	0.000511	0.00057	1000	10000	1.00E-08	10	6	10000	20000	30000	40000	50000	60000
15	0.444555	0.324675	0.151848	0.063936	0.012987	0.001998	0.000548	0.000529	0.000746	0.000671	0.000524	0.000892	1000	10000	1.00E-08	10	6	10000	20000	30000	40000	50000	60000
16	0.614386	0.286713	0.075924	0.020979	0	0.001998	0.000401	0.000391	0.0004	0.000483	0.000467	0.000476	1000	10000	1.00E-08	10	6	10000	20000	30000	40000	50000	60000
17	0.686314	0.240759	0.057942	0.00999	0.003996	0.000999	0.000343	0.000344	0.000359	0.000349	0.00043	0.00035	1000	10000	1.00E-08	10	6	10000	20000	30000	40000	50000	60000
18	0.302697	0.457542	0.17982	0.047952	0.010989	0.000999	0.000384	0.000345	0.000404	0.000428	0.00131	0.00047	1000	10000	1.00E-08	10	6	10000	20000	30000	40000	50000	60000
19	0.307692	0.448551	0.197802	0.037962	0.006993	0.000999	0.000326	0.000319	0.000537	0.000302	0.000314	0.001034	1000	10000	1.00E-08	10	6	10000	20000	30000	40000	50000	60000
20	0.486513	0.337662	0.134865	0.032967	0.005994	0.001998	0.000524	0.000444	0.000428	0.000434	0.000451	0.00086	1000	10000	1.00E-08	10	6	10000	20000	30000	40000	50000	60000
21	0.402597	0.374625	0.160839	0.052947	0.007992	0.000999	0.000246	0.000379	0.000379	0.000415	0.000404	0.000752	1000	10000	1.00E-08	10	6	10000	20000	30000	40000	50000	60000
22	0.723277	0.21978	0.047952	0.007992	0	0.000999	0.000395	0.000396	0.000403	0.000402	0.000433	0.000412	1000	10000	1.00E-08	10	6	10000	20000	30000	40000	50000	60000
23	0.213786	0.45954	0.241758	0.06993	0.011988	0.002997	0.000282	0.000321	0.000589	0.000343	0.000406	0.001408	1000	10000	1.00E-08	10	6	10000	20000	30000	40000	50000	60000
24	0.681319	0.245754	0.058941	0.012987	0	0.000999	0.000332	0.00033	0.00036	0.000326	0.000334	0.000418	1000	10000	1.00E-08	10	6	10000	20000	30000	40000	50000	60000
25	0.515485	0.356643	0.102897	0.022977	0.000999	0.000999	0.000339	0.000344	0.000341	0.000331	0.000335	0.000749	1000	10000	1.00E-08	10	6	10000	20000	30000	40000	50000	60000
26	0.372627	0.392607	0.167832	0.04995	0.012987	0.003996	0.000586	0.000581	0.000598	0.000704	0.001232	0.000672	1000	10000	1.00E-08	10	6	10000	20000	30000	40000	50000	60000
27	0.511489	0.330669	0.103896	0.038961	0.013986	0.000999	0.000647	0.000676	0.000673	0.000847	0.000803	0.00087	1000	10000	1.00E-08	10	6	10000	20000	30000	40000	50000	60000
28	0.625375	0.278721	0.081918	0.008991	0.003996	0.000999	0.00039	0.000382	0.000402	0.000523	0.000455	0.000388	1000	10000	1.00E-08	10	6	10000	20000	30000	40000	50000	60000
29	0.633367	0.283716	0.070929	0.00999	0.000999	0.000999	0.000413	0.000409	0.00042	0.000557	0.00048	0.000428	1000	10000	1.00E-08	10	6	10000	20000	30000	40000	50000	60000
30	0.201798	0.445554	0.263736	0.073926	0.011988	0.002997	0.00012	0.000264	0.000301	0.000694	0.000825	0.000247	1000	10000	1.00E-08	10	6	10000	20000	30000	40000	50000	60000