model	post_prob	cumulative_post_prob	prior_prob	bf
0,0,0,0,0,0	0.552222	0.552222	0.02579	46.5857
0,1,1,1,1,1	0.0333333	0.585556	0.007421	4.61216
0,1,0,0,0,0	0.03	0.615556	0.007224	4.25033
0,0,0,0,0,1	0.0266667	0.642222	0.007393	3.67844
0,0,0,0,1,0	0.0255556	0.667778	0.007476	3.48177
0,0,1,0,0,0	0.0222222	0.69	0.007336	3.07532
0,0,0,1,0,0	0.02	0.71	0.007419	2.73039
0,0,1,1,0,1	0.00888889	0.718889	0.001222	7.33032
0,0,1,1,1,1	0.00888889	0.727778	0.001886	4.74639
0,0,0,0,1,2	0.00888889	0.736667	0.004737	1.88434
0,0,0,1,1,0	0.00777778	0.744444	0.001859	4.20881
0,1,0,0,1,0	0.00777778	0.752222	0.001887	4.14624
0,1,0,1,1,1	0.00777778	0.76	0.00184	4.25235
0,0,1,0,0,1	0.00666667	0.766667	0.001922	3.48518
0,0,1,1,1,0	0.00666667	0.773333	0.00118	5.68092
0,1,1,1,2,1	0.00555556	0.778889	0.004822	1.15298
0,0,1,0,0,2	0.00555556	0.784444	0.004697	1.18381
0,0,1,0,1,0	0.00555556	0.79	0.001812	3.07752
0,1,2,2,2,2	0.00555556	0.795556	0.004733	1.17476
0,0,0,1,1,1	0.00555556	0.801111	0.001166	4.78566
0,0,0,1,0,1	0.00555556	0.806667	0.001815	3.07243
0,0,1,1,0,0	0.00555556	0.812222	0.001925	2.89654
0,1,0,0,0,1	0.00555556	0.817778	0.001837	3.03556
0,1,1,0,0,0	0.00444444	0.822222	0.001849	2.40997
0,1,1,0,0,1	0.00444444	0.826667	0.001202	3.70958
0,1,1,0,1,0	0.00444444	0.831111	0.001287	3.46429
0,1,1,1,1,0	0.00444444	0.835556	0.001868	2.38541
0,1,0,0,2,0	0.00444444	0.84	0.004741	0.937169
0,1,0,0,1,1	0.00444444	0.844444	0.001216	3.66682
0,0,0,1,2,0	0.00333333	0.847778	0.004668	0.713125
0,1,2,3,1,2	0.00333333	0.851111	0.003257	1.02352
0,1,0,2,0,0	0.00333333	0.854444	0.004588	0.725618
0,1,1,0,1,1	0.00333333	0.857778	0.001794	1.86092
0,1,0,1,0,1	0.00333333	0.861111	0.001273	2.6239
0,1,2,0,3,0	0.00333333	0.864444	0.00653	0.508827
0,1,0,1,0,0	0.00333333	0.867778	0.001844	1.81037
0,1,2,0,0,0	0.00333333	0.871111	0.004698	0.70855
0,0,0,1,0,2	0.00333333	0.874444	0.00472	0.705232
0,1,1,2,1,1	0.00333333	0.877778	0.004699	0.708399
0,1,2,3,2,3	0.00333333	0.881111	0.003224	1.03403
0,1,2,3,3,0	0.00333333	0.884444	0.00318	1.04838
0,1,2,2,3,2	0.00222222	0.886667	0.006528	0.338945
0,1,0,0,0,2	0.00222222	0.888889	0.00474	0.46764
0,0,0,1,2,1	0.00222222	0.891111	0.001583	1.4047
0,1,2,1,3,1	0.00222222	0.893333	0.006441	0.343553
0,1,1,1,1,2	0.00222222	0.895556	0.004802	0.461574
0,1,2,2,0,0	0.00222222	0.897778	0.001554	1.43096
0,0,1,2,2,2	0.00222222	0.9	0.001633	1.36163
0,1,2,0,0,3	0.00222222	0.902222	0.006374	0.347188
0,1,2,1,0,2	0.00222222	0.904444	0.000804	2.76789
0,0,1,1,2,1	0.00222222	0.906667	0.001551	1.43373
0,1,1,1,0,1	0.00222222	0.908889	0.001878	1.1837
0,1,2,3,4,1	0.00222222	0.911111	0.019114	0.114293
0,1,1,1,0,0	0.00222222	0.913333	0.001269	1.75283
0,0,1,2,1,1	0.00222222	0.915556	0.001619	1.37342
0,1,2,3,2,2	0.00222222	0.917778	0.006278	0.352531
0,0,1,2,1,0	0.00222222	0.92	0.001577	1.41006
0,1,2,1,1,1	0.00222222	0.922222	0.004661	0.475604
0,1,2,1,2,2	0.00222222	0.924444	0.001507	1.47566
0,1,0,2,1,1	0.00111111	0.925556	0.001557	0.713305
0,1,0,2,1,3	0.00111111	0.926667	0.003318	0.334134
0,1,0,2,2,2	0.00111111	0.927778	0.001614	0.688074
0,1,0,2,3,0	0.00111111	0.928889	0.006392	0.172909
0,1,0,2,3,4	0.00111111	0.93	0.01908	0.0571868
0,1,0,2,1,0	0.00111111	0.931111	0.001626	0.682988
0,1,0,2,0,2	0.00111111	0.932222	0.001592	0.697598
0,1,0,1,2,3	0.00111111	0.933333	0.003193	0.347258
0,1,0,1,2,2	0.00111111	0.934444	0.000808	1.37555
0,1,1,0,1,2	0.00111111	0.935556	0.001558	0.712846
0,1,1,0,2,0	0.00111111	0.936667	0.00158	0.702905
0,1,1,0,2,2	0.00111111	0.937778	0.000756	1.47025
0,1,1,0,2,3	0.00111111	0.938889	0.003321	0.333831
0,1,0,1,2,0	0.00111111	0.94	0.001666	0.666563
0,1,0,1,1,0	0.00111111	0.941111	0.001227	0.905446
0,1,1,1,0,2	0.00111111	0.942222	0.001544	0.71932
0,1,0,1,0,2	0.00111111	0.943333	0.001626	0.682988
0,1,0,0,2,2	0.00111111	0.944444	0.001555	0.714223
0,1,0,0,1,2	0.00111111	0.945556	0.00158	0.702905
0,1,1,1,2,0	0.00111111	0.946667	0.001578	0.703797
0,0,1,2,3,4	0.00111111	0.947778	0.018953	0.0575774
0,1,1,1,2,2	0.00111111	0.948889	0.001561	0.711474
0,1,1,1,2,3	0.00111111	0.95	0.006428	0.171935
0,1,1,2,0,0	0.00111111	0.951111	0.00154	0.721191
0,1,1,2,0,2	0.00111111	0.952222	0.000798	1.39281
0,0,1,2,3,2	0.00111111	0.953333	0.003197	0.346822
0,1,1,2,2,2	0.00111111	0.954444	0.001556	0.713764
0,1,1,2,2,3	0.00111111	0.955556	0.003327	0.333227
0,1,1,2,3,0	0.00111111	0.956667	0.003147	0.35235
0,0,1,2,2,1	0.00111111	0.957778	0.000747	1.48797
0,0,1,2,2,0	0.00111111	0.958889	0.001639	0.677562
0,1,2,0,1,0	0.00111111	0.96	0.001597	0.695411
0,1,2,0,1,3	0.00111111	0.961111	0.003189	0.347695
0,1,2,0,2,0	0.00111111	0.962222	0.00159	0.698477
0,0,1,2,1,3	0.00111111	0.963333	0.00321	0.345413
0,1,2,0,3,3	0.00111111	0.964444	0.003155	0.351454
0,1,2,1,0,1	0.00111111	0.965556	0.001522	0.729733
0,0,1,2,1,2	0.00111111	0.966667	0.000799	1.39106
0,0,1,2,0,2	0.00111111	0.967778	0.001541	0.720722
0,1,2,1,1,3	0.00111111	0.968889	0.006417	0.172231
0,1,2,1,2,0	0.00111111	0.97	0.000771	1.44162
0,1,2,1,2,1	0.00111111	0.971111	0.00161	0.689786
0,0,1,2,0,1	0.00111111	0.972222	0.00158	0.702905
0,1,2,1,2,3	0.00111111	0.973333	0.003126	0.354725
0,0,1,2,0,0	0.00111111	0.974444	0.004775	0.23184
0,0,1,1,2,3	0.00111111	0.975556	0.00329	0.336987
0,1,2,2,0,3	0.00111111	0.976667	0.003217	0.344659
0,1,2,2,1,1	0.00111111	0.977778	0.001533	0.724489
0,1,2,2,1,2	0.00111111	0.978889	0.001571	0.706938
0,1,2,2,1,3	0.00111111	0.98	0.003139	0.353251
0,1,2,2,2,0	0.00111111	0.981111	0.001581	0.702459
0,1,2,2,2,1	0.00111111	0.982222	0.001574	0.705588
0,0,1,1,2,0	0.00111111	0.983333	0.001578	0.703797
0,1,2,2,2,3	0.00111111	0.984444	0.006348	0.174116
0,1,2,2,3,0	0.00111111	0.985556	0.003176	0.349123
0,1,2,2,3,1	0.00111111	0.986667	0.00314	0.353138
0,0,1,0,2,2	0.00111111	0.987778	0.001626	0.682988
0,1,2,3,0,0	0.00111111	0.988889	0.006629	0.166688
0,1,2,3,1,1	0.00111111	0.99	0.006463	0.170998
0,0,1,0,1,2	0.00111111	0.991111	0.001516	0.732626
0,1,2,3,1,3	0.00111111	0.992222	0.003197	0.346822
0,0,1,0,1,1	0.00111111	0.993333	0.001209	0.918943
0,0,0,1,2,3	0.00111111	0.994444	0.006585	0.167809
0,0,0,1,1,2	0.00111111	0.995556	0.001597	0.695411
0,1,2,3,3,2	0.00111111	0.996667	0.003203	0.346171
0,1,2,3,3,3	0.00111111	0.997778	0.0064	0.172692
0,0,0,0,1,1	0.00111111	0.998889	0.001901	0.584026
0,1,2,3,4,4	0.00111111	1	0.019119	0.0570678
