model	post_prob	cumulative_post_prob	prior_prob	bf
0,0,0,0,0,0	0.391111	0.391111	0.026348	23.7366
0,0,0,0,0,1	0.0822222	0.473333	0.007367	12.0712
0,1,0,0,0,0	0.0455556	0.518889	0.007365	6.43291
0,0,0,1,0,0	0.0277778	0.546667	0.007303	3.88372
0,0,0,0,1,0	0.0233333	0.57	0.007282	3.25691
0,0,0,1,0,1	0.0188889	0.588889	0.001867	10.2928
0,0,0,1,0,2	0.0177778	0.606667	0.004713	3.82225
0,0,1,0,0,0	0.0155556	0.622222	0.00749	2.09386
0,0,1,1,1,1	0.0144444	0.636667	0.001786	8.19147
0,1,1,1,1,1	0.0133333	0.65	0.007406	1.81116
0,0,1,1,0,1	0.0111111	0.661111	0.001296	8.65848
0,1,0,0,0,1	0.01	0.671111	0.001864	5.4089
0,1,0,0,0,2	0.00888889	0.68	0.00484	1.84405
0,1,0,2,0,3	0.00888889	0.688889	0.006421	1.38779
0,0,1,1,0,0	0.00777778	0.696667	0.001872	4.17953
0,0,1,0,0,1	0.00777778	0.704444	0.001835	4.26396
0,1,1,0,1,2	0.00777778	0.712222	0.001609	4.86397
0,1,1,0,1,0	0.00666667	0.718889	0.001188	5.64262
0,1,1,1,1,2	0.00666667	0.725556	0.00476	1.40325
0,0,1,0,0,2	0.00666667	0.732222	0.004755	1.40473
0,1,1,0,0,2	0.00555556	0.737778	0.001621	3.4408
0,0,0,0,1,1	0.00555556	0.743333	0.001862	2.99473
0,1,1,1,0,1	0.00555556	0.748889	0.001852	3.01093
0,0,0,1,1,1	0.00555556	0.754444	0.00127	4.3933
0,1,0,2,0,0	0.00555556	0.76	0.004755	1.1693
0,1,0,1,1,1	0.00555556	0.765556	0.001821	3.06228
0,1,0,1,0,0	0.00555556	0.771111	0.00187	2.9819
0,1,0,0,1,0	0.00555556	0.776667	0.001825	3.05556
0,1,2,3,4,5	0.00444444	0.781111	0.153508	0.0246175
0,1,0,2,0,2	0.00444444	0.785556	0.001668	2.67197
0,0,1,2,0,0	0.00444444	0.79	0.004834	0.919054
0,1,1,1,1,0	0.00444444	0.794444	0.00184	2.42178
0,0,1,0,2,0	0.00444444	0.798889	0.004761	0.933214
0,1,1,0,0,0	0.00444444	0.803333	0.001789	2.49094
0,1,0,2,3,2	0.00444444	0.807778	0.003186	1.39676
0,1,0,0,2,0	0.00444444	0.812222	0.004711	0.943166
0,1,2,3,1,4	0.00333333	0.815556	0.018751	0.175018
0,1,1,2,1,3	0.00333333	0.818889	0.006483	0.51254
0,1,1,2,2,3	0.00333333	0.822222	0.003242	1.02827
0,1,1,0,2,0	0.00333333	0.825556	0.001613	2.07011
0,0,0,1,1,0	0.00333333	0.828889	0.001843	1.81135
0,0,1,0,1,2	0.00333333	0.832222	0.001575	2.12014
0,0,0,1,2,3	0.00333333	0.835556	0.006379	0.520951
0,0,1,2,0,2	0.00333333	0.838889	0.001546	2.15997
0,0,0,1,2,1	0.00333333	0.842222	0.001592	2.09746
0,1,2,0,0,3	0.00333333	0.845556	0.006363	0.522269
0,1,2,0,1,0	0.00333333	0.848889	0.001589	2.10143
0,1,0,0,1,2	0.00333333	0.852222	0.001546	2.15997
0,0,1,1,2,3	0.00333333	0.855556	0.003254	1.02446
0,1,0,2,0,1	0.00333333	0.858889	0.001588	2.10275
0,0,1,1,0,2	0.00333333	0.862222	0.001588	2.10275
0,1,0,1,0,1	0.00333333	0.865556	0.00124	2.69382
0,0,1,1,1,0	0.00222222	0.867778	0.001204	1.84758
0,1,0,0,2,3	0.00222222	0.87	0.006513	0.339731
0,1,2,1,1,3	0.00222222	0.872222	0.00633	0.349617
0,1,2,0,3,0	0.00222222	0.874444	0.006506	0.340099
0,0,1,0,1,1	0.00222222	0.876667	0.001266	1.75699
0,1,0,0,2,2	0.00222222	0.878889	0.001699	1.30864
0,1,2,3,3,2	0.00222222	0.881111	0.003233	0.68666
0,0,0,1,2,0	0.00222222	0.883333	0.004673	0.474377
0,1,0,2,1,0	0.00222222	0.885556	0.001626	1.3675
0,1,2,0,1,3	0.00222222	0.887778	0.003239	0.685384
0,1,0,2,1,3	0.00222222	0.89	0.003165	0.701461
0,1,0,0,1,1	0.00222222	0.892222	0.001238	1.79678
0,1,2,1,2,3	0.00222222	0.894444	0.003252	0.682635
0,1,2,3,3,3	0.00222222	0.896667	0.006379	0.346914
0,1,0,2,3,3	0.00222222	0.898889	0.003167	0.701016
0,1,2,3,4,0	0.00222222	0.901111	0.019039	0.114752
0,1,2,0,0,1	0.00222222	0.903333	0.001591	1.39763
0,1,2,2,0,3	0.00222222	0.905556	0.003222	0.689012
0,0,1,2,3,4	0.00222222	0.907778	0.01902	0.114869
0,1,1,0,1,1	0.00222222	0.91	0.00179	1.242
0,1,2,2,1,2	0.00222222	0.912222	0.00162	1.37257
0,1,2,2,2,0	0.00222222	0.914444	0.001533	1.45059
0,1,1,2,3,2	0.00222222	0.916667	0.003169	0.700572
0,1,1,2,3,1	0.00222222	0.918889	0.006465	0.34227
0,0,1,0,2,3	0.00222222	0.921111	0.006336	0.349283
0,0,1,2,0,1	0.00222222	0.923333	0.001559	1.42636
0,0,0,0,1,2	0.00222222	0.925556	0.004665	0.475194
0,0,1,1,1,2	0.00222222	0.927778	0.001543	1.44118
0,1,1,1,2,1	0.00222222	0.93	0.004713	0.470332
0,1,2,2,3,3	0.00222222	0.932222	0.003295	0.673697
0,1,1,2,2,0	0.00222222	0.934444	0.000764	2.91292
0,1,2,3,0,4	0.00222222	0.936667	0.019165	0.113983
0,1,1,2,1,1	0.00222222	0.938889	0.00466	0.475707
0,1,1,2,0,3	0.00222222	0.941111	0.003257	0.681584
0,1,1,2,1,0	0.00222222	0.943333	0.001562	1.42362
0,1,1,2,0,1	0.00111111	0.944444	0.001551	0.716068
0,1,1,2,1,2	0.00111111	0.945556	0.001533	0.724489
0,1,1,2,0,0	0.00111111	0.946667	0.001558	0.712846
0,1,1,1,2,3	0.00111111	0.947778	0.006263	0.176494
0,1,1,2,2,1	0.00111111	0.948889	0.001593	0.697159
0,1,1,2,2,2	0.00111111	0.95	0.001476	0.75251
0,1,1,1,2,2	0.00111111	0.951111	0.001567	0.708745
0,1,1,1,0,0	0.00111111	0.952222	0.001189	0.934419
0,1,1,0,2,2	0.00111111	0.953333	0.000768	1.44726
0,1,1,2,3,3	0.00111111	0.954444	0.003178	0.348902
0,1,1,0,0,1	0.00111111	0.955556	0.001232	0.901767
0,1,2,0,0,2	0.00111111	0.956667	0.001588	0.699358
0,1,0,2,3,0	0.00111111	0.957778	0.006506	0.16986
0,1,0,2,2,2	0.00111111	0.958889	0.001564	0.710107
0,1,2,0,1,1	0.00111111	0.96	0.001595	0.696284
0,1,0,2,1,2	0.00111111	0.961111	0.000752	1.47807
0,1,2,0,2,0	0.00111111	0.962222	0.001548	0.717458
0,1,0,1,2,3	0.00111111	0.963333	0.003286	0.337399
0,1,2,0,3,3	0.00111111	0.964444	0.003276	0.338432
0,1,2,0,3,4	0.00111111	0.965556	0.019189	0.0568556
0,1,2,1,0,1	0.00111111	0.966667	0.001585	0.700684
0,1,2,1,0,3	0.00111111	0.967778	0.003251	0.341043
0,1,2,1,1,1	0.00111111	0.968889	0.004819	0.229713
0,1,2,1,1,2	0.00111111	0.97	0.001583	0.701571
0,1,0,1,1,2	0.00111111	0.971111	0.001546	0.718388
0,1,2,1,2,0	0.00111111	0.972222	0.00076	1.4625
0,0,1,0,1,0	0.00111111	0.973333	0.001862	0.596281
0,1,2,1,3,4	0.00111111	0.974444	0.018839	0.0579326
0,1,2,2,0,0	0.00111111	0.975556	0.00164	0.677148
0,0,0,1,2,2	0.00111111	0.976667	0.001598	0.694975
0,1,2,2,1,1	0.00111111	0.977778	0.001589	0.698917
0,0,1,2,3,2	0.00111111	0.978889	0.003226	0.343695
0,0,1,2,3,1	0.00111111	0.98	0.003254	0.340728
0,1,2,2,2,2	0.00111111	0.981111	0.004753	0.232918
0,1,2,2,2,3	0.00111111	0.982222	0.006588	0.167732
0,0,1,2,3,0	0.00111111	0.983333	0.006427	0.171962
0,1,2,2,3,4	0.00111111	0.984444	0.019041	0.0573062
0,1,2,3,0,3	0.00111111	0.985556	0.003134	0.353817
0,0,1,2,2,1	0.00111111	0.986667	0.00083	1.33906
0,1,2,3,1,0	0.00111111	0.987778	0.003147	0.35235
0,1,2,3,1,1	0.00111111	0.988889	0.006493	0.170202
0,0,1,2,1,3	0.00111111	0.99	0.003257	0.340413
0,1,2,3,2,0	0.00111111	0.991111	0.003213	0.34509
0,1,2,3,2,2	0.00111111	0.992222	0.00651	0.169755
0,1,2,3,2,4	0.00111111	0.993333	0.0189	0.057742
0,0,1,2,1,2	0.00111111	0.994444	0.000754	1.47415
0,0,1,2,1,0	0.00111111	0.995556	0.001578	0.703797
0,1,2,3,3,4	0.00111111	0.996667	0.019122	0.0570587
0,0,1,2,0,3	0.00111111	0.997778	0.006553	0.168634
0,1,2,3,4,4	0.00111111	0.998889	0.019011	0.0573984
0,0,1,0,2,2	0.00111111	1	0.001549	0.716994
