model	post_prob	cumulative_post_prob	prior_prob	bf
0,0,0,0,0,0	0.594444	0.594444	0.026115	54.6611
0,1,1,1,1,1	0.0455556	0.64	0.007461	6.34952
0,0,1,0,0,0	0.0333333	0.673333	0.00737	4.64432
0,0,0,0,1,0	0.0222222	0.695556	0.007305	3.08847
0,0,0,0,0,1	0.0211111	0.716667	0.007336	2.91824
0,1,0,0,0,0	0.02	0.736667	0.007419	2.73039
0,0,0,1,0,0	0.0188889	0.755556	0.007578	2.52133
0,0,1,1,0,0	0.00888889	0.764444	0.001848	4.84418
0,1,1,1,1,2	0.00777778	0.772222	0.004815	1.62015
0,1,1,1,1,0	0.00777778	0.78	0.001789	4.3738
0,1,0,1,0,0	0.00777778	0.787778	0.001831	4.27329
0,1,1,1,0,1	0.00777778	0.795556	0.001863	4.19975
0,1,0,0,0,1	0.00777778	0.803333	0.001869	4.18625
0,1,2,1,1,1	0.00666667	0.81	0.004734	1.41099
0,0,1,0,1,0	0.00666667	0.816667	0.001853	3.6152
0,1,1,0,1,1	0.00666667	0.823333	0.001817	3.68696
0,1,0,0,1,0	0.00555556	0.828889	0.001775	3.14179
0,1,1,1,0,0	0.00555556	0.834444	0.001162	4.80215
0,1,1,1,2,1	0.00555556	0.84	0.004567	1.21767
0,0,0,1,1,0	0.00555556	0.845556	0.001803	3.09291
0,0,1,1,1,1	0.00555556	0.851111	0.001875	2.97393
0,1,1,0,0,0	0.00444444	0.855556	0.001823	2.4444
0,0,1,1,0,1	0.00444444	0.86	0.001196	3.72822
0,0,1,0,0,1	0.00444444	0.864444	0.001867	2.38669
0,1,2,0,0,0	0.00444444	0.868889	0.00476	0.933411
0,0,1,0,2,0	0.00444444	0.873333	0.004805	0.924627
0,0,0,1,0,1	0.00444444	0.877778	0.001838	2.42442
0,0,1,1,1,0	0.00444444	0.882222	0.00125	3.56696
0,1,1,0,2,1	0.00333333	0.885556	0.001518	2.19987
0,0,0,0,1,1	0.00333333	0.888889	0.001809	1.84546
0,1,1,0,1,0	0.00333333	0.892222	0.001207	2.76756
0,1,2,2,0,0	0.00333333	0.895556	0.001636	2.04096
0,1,0,2,0,0	0.00333333	0.898889	0.004653	0.715435
0,0,0,1,1,1	0.00333333	0.902222	0.0012	2.78372
0,1,0,1,1,1	0.00333333	0.905556	0.001778	1.87769
0,0,1,2,0,0	0.00333333	0.908889	0.004836	0.688236
0,1,1,2,1,1	0.00333333	0.912222	0.004734	0.703137
0,1,2,2,1,1	0.00333333	0.915556	0.001534	2.17689
0,0,1,0,0,2	0.00333333	0.918889	0.004689	0.709917
0,1,1,2,0,1	0.00222222	0.921111	0.001561	1.42453
0,1,1,2,0,2	0.00222222	0.923333	0.000856	2.59961
0,1,2,2,2,2	0.00222222	0.925556	0.004653	0.476426
0,1,0,0,1,1	0.00222222	0.927778	0.001239	1.79533
0,1,2,2,2,1	0.00222222	0.93	0.00158	1.40738
0,0,0,1,0,2	0.00222222	0.932222	0.004688	0.472852
0,1,0,0,0,2	0.00222222	0.934444	0.004695	0.472144
0,1,2,0,1,0	0.00222222	0.936667	0.001538	1.44587
0,1,2,3,3,4	0.00222222	0.938889	0.018882	0.115725
0,0,1,2,3,1	0.00222222	0.941111	0.00321	0.691596
0,1,2,2,2,0	0.00222222	0.943333	0.001527	1.4563
0,0,1,1,2,0	0.00222222	0.945556	0.001618	1.37427
0,1,2,1,3,1	0.00222222	0.947778	0.006384	0.346641
0,1,0,2,3,3	0.00111111	0.948889	0.003171	0.349675
0,1,0,2,3,0	0.00111111	0.95	0.006429	0.171908
0,1,0,2,2,1	0.00111111	0.951111	0.00078	1.42497
0,1,1,0,2,2	0.00111111	0.952222	0.000786	1.41409
0,1,0,2,1,1	0.00111111	0.953333	0.001589	0.698917
0,1,0,2,0,3	0.00111111	0.954444	0.006445	0.171478
0,1,0,1,2,3	0.00111111	0.955556	0.003169	0.349897
0,1,0,1,1,2	0.00111111	0.956667	0.001627	0.682567
0,1,0,1,1,0	0.00111111	0.957778	0.001265	0.878213
0,1,0,1,0,2	0.00111111	0.958889	0.001549	0.716994
0,1,1,2,0,0	0.00111111	0.96	0.0016	0.694105
0,1,0,0,2,2	0.00111111	0.961111	0.001599	0.694539
0,1,0,0,2,1	0.00111111	0.962222	0.001617	0.686796
0,1,1,2,0,3	0.00111111	0.963333	0.003206	0.345846
0,1,0,0,2,0	0.00111111	0.964444	0.004766	0.23228
0,1,1,2,2,1	0.00111111	0.965556	0.001613	0.688501
0,1,1,2,2,2	0.00111111	0.966667	0.001641	0.676735
0,1,1,2,3,0	0.00111111	0.967778	0.003234	0.342842
0,1,1,2,3,2	0.00111111	0.968889	0.0032	0.346496
0,1,0,0,1,2	0.00111111	0.97	0.001587	0.699799
0,1,2,0,0,3	0.00111111	0.971111	0.00653	0.169232
0,0,1,2,3,4	0.00111111	0.972222	0.018845	0.0579138
0,1,2,0,1,2	0.00111111	0.973333	0.000798	1.39281
0,1,2,0,2,0	0.00111111	0.974444	0.001618	0.68637
0,1,2,0,3,0	0.00111111	0.975556	0.006535	0.169101
0,1,2,0,3,4	0.00111111	0.976667	0.019213	0.0567832
0,0,1,2,2,2	0.00111111	0.977778	0.001659	0.66938
0,1,2,1,1,2	0.00111111	0.978889	0.001558	0.712846
0,1,2,1,1,3	0.00111111	0.98	0.006428	0.171935
0,1,2,1,2,3	0.00111111	0.981111	0.003196	0.346931
0,0,1,2,1,0	0.00111111	0.982222	0.001632	0.680473
0,1,2,1,3,3	0.00111111	0.983333	0.003241	0.342099
0,1,2,1,3,4	0.00111111	0.984444	0.019213	0.0567832
0,0,1,2,0,2	0.00111111	0.985556	0.001596	0.695847
0,0,1,1,2,1	0.00111111	0.986667	0.001491	0.744929
0,1,2,2,1,2	0.00111111	0.987778	0.001536	0.723072
0,0,1,1,1,2	0.00111111	0.988889	0.001614	0.688074
0,0,1,0,1,2	0.00111111	0.99	0.001654	0.671407
0,0,0,1,2,1	0.00111111	0.991111	0.001599	0.694539
0,1,2,2,3,1	0.00111111	0.992222	0.003163	0.350562
0,1,2,3,0,2	0.00111111	0.993333	0.00313	0.35427
0,1,2,3,0,3	0.00111111	0.994444	0.003303	0.335656
0,1,2,3,1,0	0.00111111	0.995556	0.003122	0.355181
0,1,2,3,3,3	0.00111111	0.996667	0.006447	0.171425
0,0,0,0,1,2	0.00111111	0.997778	0.004785	0.231353
0,1,2,3,4,2	0.00111111	0.998889	0.018883	0.057795
0,1,2,3,4,3	0.00111111	1	0.019124	0.0570526
