model	post_prob	cumulative_post_prob	prior_prob	bf
0,0,0,0,0,0	0.627778	0.627778	0.026061	63.0296
0,0,0,0,1,0	0.04	0.667778	0.00742	5.57379
0,0,0,0,0,1	0.0288889	0.696667	0.007345	4.02039
0,0,0,1,0,0	0.0244444	0.721111	0.007339	3.38916
0,1,1,1,1,1	0.0211111	0.742222	0.007416	2.88652
0,0,1,0,0,0	0.02	0.762222	0.007448	2.71968
0,1,0,0,0,0	0.0188889	0.781111	0.007393	2.58491
0,0,0,1,0,1	0.0122222	0.793333	0.001824	6.77132
0,0,0,1,1,0	0.0111111	0.804444	0.001933	5.80147
0,0,0,1,1,1	0.01	0.814444	0.001278	7.89366
0,0,0,0,1,1	0.01	0.824444	0.001873	5.38286
0,1,0,0,1,0	0.00888889	0.833333	0.001862	4.80769
0,1,0,1,1,1	0.00888889	0.842222	0.00187	4.78708
0,1,1,0,1,1	0.00777778	0.85	0.001765	4.43338
0,1,1,1,0,0	0.00555556	0.855556	0.001262	4.42119
0,1,0,0,0,1	0.00444444	0.86	0.001783	2.49934
0,1,0,1,1,0	0.00444444	0.864444	0.001254	3.55557
0,0,1,0,1,0	0.00444444	0.868889	0.001876	2.37522
0,1,0,1,0,1	0.00444444	0.873333	0.001263	3.5302
0,1,1,0,0,1	0.00444444	0.877778	0.001252	3.56126
0,0,1,1,0,0	0.00444444	0.882222	0.00186	2.39569
0,1,1,1,0,1	0.00444444	0.886667	0.001801	2.47432
0,0,1,2,2,0	0.00333333	0.89	0.00157	2.1269
0,1,0,0,0,2	0.00333333	0.893333	0.004722	0.704932
0,1,0,0,1,1	0.00333333	0.896667	0.001214	2.75158
0,1,1,0,1,0	0.00333333	0.9	0.001209	2.76298
0,0,1,2,0,0	0.00333333	0.903333	0.004819	0.690675
0,0,1,1,1,1	0.00333333	0.906667	0.001749	1.90888
0,1,1,0,2,1	0.00222222	0.908889	0.001603	1.38715
0,0,1,1,1,0	0.00222222	0.911111	0.001243	1.78954
0,0,0,1,2,1	0.00222222	0.913333	0.001615	1.37683
0,1,1,1,1,2	0.00222222	0.915556	0.004687	0.472953
0,0,1,1,0,1	0.00222222	0.917778	0.001212	1.83537
0,0,1,0,0,1	0.00222222	0.92	0.001811	1.22757
0,0,1,2,2,1	0.00222222	0.922222	0.000769	2.89396
0,1,1,0,0,0	0.00222222	0.924444	0.00191	1.16383
0,0,1,2,2,3	0.00222222	0.926667	0.003156	0.703467
0,0,1,2,3,4	0.00222222	0.928889	0.018937	0.115382
0,0,0,1,2,0	0.00222222	0.931111	0.004718	0.469831
0,1,1,1,0,2	0.00222222	0.933333	0.001617	1.37512
0,0,1,0,2,0	0.00222222	0.935556	0.004807	0.461091
0,0,0,1,1,2	0.00222222	0.937778	0.001533	1.45059
0,0,1,0,1,2	0.00222222	0.94	0.001557	1.4282
0,1,0,0,2,0	0.00222222	0.942222	0.004711	0.470533
0,1,0,2,3,2	0.00222222	0.944444	0.003274	0.678033
0,1,0,2,2,2	0.00222222	0.946667	0.001594	1.39499
0,1,1,1,1,0	0.00222222	0.948889	0.001871	1.18814
0,1,0,1,0,2	0.00222222	0.951111	0.001559	1.42636
0,0,0,1,2,2	0.00222222	0.953333	0.001518	1.46495
0,1,2,2,2,0	0.00222222	0.955556	0.001587	1.40116
0,1,0,2,0,0	0.00222222	0.957778	0.004733	0.468335
0,1,0,1,0,0	0.00111111	0.958889	0.001808	0.614124
0,1,0,2,3,1	0.00111111	0.96	0.003232	0.343054
0,1,0,0,2,2	0.00111111	0.961111	0.001618	0.68637
0,0,1,2,2,2	0.00111111	0.962222	0.001543	0.719787
0,0,1,2,1,3	0.00111111	0.963333	0.003222	0.344123
0,1,1,0,0,2	0.00111111	0.964444	0.001641	0.676735
0,0,1,2,1,2	0.00111111	0.965556	0.000756	1.47025
0,0,1,2,0,1	0.00111111	0.966667	0.001677	0.662183
0,0,1,1,1,2	0.00111111	0.967778	0.001569	0.707841
0,0,1,1,0,2	0.00111111	0.968889	0.001577	0.704244
0,0,1,0,2,3	0.00111111	0.97	0.006469	0.170838
0,0,1,0,2,1	0.00111111	0.971111	0.001553	0.715145
0,0,1,0,1,1	0.00111111	0.972222	0.00118	0.941555
0,0,1,0,0,2	0.00111111	0.973333	0.004669	0.237129
0,0,0,1,2,3	0.00111111	0.974444	0.006317	0.174976
0,1,1,1,2,0	0.00111111	0.975556	0.001609	0.690216
0,1,1,1,2,1	0.00111111	0.976667	0.004794	0.230917
0,1,1,1,2,3	0.00111111	0.977778	0.006549	0.168738
0,1,1,2,0,1	0.00111111	0.978889	0.001595	0.696284
0,1,1,2,1,1	0.00111111	0.98	0.004746	0.233263
0,1,1,2,1,3	0.00111111	0.981111	0.006401	0.172665
0,1,1,2,2,3	0.00111111	0.982222	0.003263	0.339785
0,1,1,2,3,1	0.00111111	0.983333	0.006277	0.176098
0,1,2,0,0,0	0.00111111	0.984444	0.004735	0.233808
0,1,2,0,1,1	0.00111111	0.985556	0.001686	0.658643
0,1,2,0,1,2	0.00111111	0.986667	0.000759	1.46443
0,1,2,1,0,0	0.00111111	0.987778	0.001601	0.69367
0,1,2,1,0,1	0.00111111	0.988889	0.001601	0.69367
0,1,2,1,1,3	0.00111111	0.99	0.006436	0.17172
0,1,2,1,2,1	0.00111111	0.991111	0.001537	0.722601
0,1,2,2,0,2	0.00111111	0.992222	0.001615	0.687647
0,1,2,2,1,2	0.00111111	0.993333	0.001574	0.705588
0,0,0,1,0,2	0.00111111	0.994444	0.004765	0.232329
0,1,2,2,2,1	0.00111111	0.995556	0.001512	0.734567
0,1,2,2,2,2	0.00111111	0.996667	0.004737	0.233709
0,1,2,3,1,0	0.00111111	0.997778	0.003246	0.34157
0,1,2,3,3,4	0.00111111	0.998889	0.018973	0.0575155
0,1,2,3,4,1	0.00111111	1	0.018959	0.0575588
