model	post_prob	cumulative_post_prob	prior_prob	bf
0,0,0,0,0,0	0.166667	0.166667	0.026083	7.46783
0,0,0,1,0,0	0.11	0.276667	0.007232	16.9665
0,0,0,1,1,1	0.0788889	0.355556	0.001174	72.8661
0,0,0,1,2,2	0.0366667	0.392222	0.001571	24.19
0,0,0,1,0,1	0.0333333	0.425556	0.001876	18.3465
0,0,0,1,2,3	0.03	0.455556	0.006631	4.6332
0,0,0,1,0,2	0.0288889	0.484444	0.004679	6.32808
0,0,0,1,1,0	0.0255556	0.51	0.001874	13.9683
0,0,0,1,2,0	0.0222222	0.532222	0.004759	4.75291
0,0,1,1,1,1	0.0144444	0.546667	0.0018	8.12765
0,1,0,0,0,0	0.0144444	0.561111	0.007397	1.96671
0,1,1,2,1,1	0.0133333	0.574444	0.004725	2.84649
0,0,0,1,1,2	0.0122222	0.586667	0.001591	7.76478
0,1,0,2,2,2	0.0111111	0.597778	0.001556	7.20981
0,0,0,1,2,1	0.0111111	0.608889	0.001656	6.77376
0,0,1,2,0,0	0.0111111	0.62	0.004803	2.32813
0,0,0,0,0,1	0.01	0.63	0.007407	1.35361
0,0,1,2,3,4	0.01	0.64	0.018921	0.523751
0,1,0,1,1,1	0.01	0.65	0.001885	5.34853
0,1,1,2,2,2	0.00888889	0.658889	0.001611	5.55814
0,1,1,1,1,1	0.00888889	0.667778	0.007422	1.19941
0,0,1,2,1,1	0.00888889	0.676667	0.001584	5.65303
0,1,1,0,0,0	0.00888889	0.685556	0.001905	4.69896
0,1,2,3,4,5	0.00777778	0.693333	0.153236	0.043316
0,1,2,3,2,2	0.00777778	0.701111	0.006392	1.2185
0,0,1,2,2,3	0.00777778	0.708889	0.003219	2.42731
0,1,1,2,3,4	0.00777778	0.716667	0.01894	0.406034
0,0,1,2,3,2	0.00777778	0.724444	0.003324	2.35039
0,1,0,2,0,0	0.00666667	0.731111	0.004608	1.44976
0,1,2,2,2,2	0.00666667	0.737778	0.004711	1.41791
0,0,1,0,0,0	0.00666667	0.744444	0.007421	0.897669
0,0,1,2,2,2	0.00666667	0.751111	0.001617	4.14382
0,1,1,2,0,3	0.00555556	0.756667	0.003211	1.73424
0,1,0,2,3,2	0.00555556	0.762222	0.00323	1.72401
0,0,1,2,1,3	0.00555556	0.767778	0.003248	1.71442
0,1,0,2,1,1	0.00555556	0.773333	0.001582	3.52576
0,0,1,2,3,3	0.00555556	0.778889	0.003163	1.76065
0,1,1,2,1,3	0.00555556	0.784444	0.006313	0.879348
0,1,1,0,1,0	0.00555556	0.79	0.001262	4.42119
0,0,1,2,3,0	0.00555556	0.795556	0.006331	0.876832
0,0,0,0,1,0	0.00444444	0.8	0.007447	0.59501
0,0,1,1,1,0	0.00444444	0.804444	0.001212	3.67894
0,1,1,2,1,2	0.00444444	0.808889	0.001528	2.91719
0,1,0,2,3,1	0.00444444	0.813333	0.003217	1.38325
0,0,1,1,0,1	0.00444444	0.817778	0.001145	3.89448
0,1,1,2,3,1	0.00444444	0.822222	0.006443	0.688425
0,1,1,2,0,0	0.00444444	0.826667	0.001582	2.81746
0,1,2,3,4,4	0.00444444	0.831111	0.018878	0.232017
0,0,1,2,0,3	0.00444444	0.835556	0.006388	0.694391
0,1,0,1,1,0	0.00444444	0.84	0.001239	3.59867
0,1,1,2,3,3	0.00333333	0.843333	0.003168	1.05236
0,0,1,1,2,1	0.00333333	0.846667	0.001569	2.12826
0,1,2,3,0,0	0.00333333	0.85	0.006267	0.530321
0,0,1,2,2,1	0.00333333	0.853333	0.0008	4.17726
0,0,1,2,0,2	0.00333333	0.856667	0.001569	2.12826
0,1,2,1,2,2	0.00333333	0.86	0.001577	2.11744
0,1,2,1,1,1	0.00333333	0.863333	0.004771	0.697658
0,1,1,2,2,1	0.00333333	0.866667	0.001562	2.13781
0,1,0,2,0,1	0.00333333	0.87	0.001636	2.04096
0,1,1,2,2,3	0.00333333	0.873333	0.003286	1.01445
0,1,0,2,0,3	0.00333333	0.876667	0.006479	0.512859
0,1,0,2,3,4	0.00333333	0.88	0.019198	0.170865
0,1,2,3,3,3	0.00333333	0.883333	0.006293	0.528116
0,1,1,2,3,2	0.00333333	0.886667	0.003292	1.0126
0,1,0,2,3,0	0.00333333	0.89	0.006419	0.517684
0,1,0,2,2,0	0.00333333	0.893333	0.001601	2.08565
0,1,1,2,3,0	0.00333333	0.896667	0.003138	1.06246
0,1,0,0,0,1	0.00222222	0.898889	0.001843	1.20622
0,1,2,3,2,3	0.00222222	0.901111	0.003256	0.681794
0,1,0,2,1,3	0.00222222	0.903333	0.00329	0.674725
0,1,0,0,0,2	0.00222222	0.905556	0.004712	0.470432
0,1,2,3,4,2	0.00222222	0.907778	0.019221	0.113645
0,1,0,1,0,0	0.00222222	0.91	0.001843	1.20622
0,0,1,1,0,0	0.00222222	0.912222	0.00188	1.18244
0,1,1,0,0,1	0.00222222	0.914444	0.001288	1.72694
0,0,1,1,1,2	0.00222222	0.916667	0.001649	1.34839
0,0,1,2,3,1	0.00222222	0.918889	0.003172	0.699908
0,1,2,3,4,1	0.00222222	0.921111	0.018926	0.115451
0,1,2,3,1,2	0.00222222	0.923333	0.0032	0.693764
0,1,1,0,2,0	0.00222222	0.925556	0.001552	1.43281
0,1,1,2,2,0	0.00222222	0.927778	0.000779	2.85679
0,1,1,1,0,1	0.00222222	0.93	0.001883	1.18055
0,1,0,1,1,2	0.00222222	0.932222	0.001564	1.4218
0,0,0,0,1,2	0.00222222	0.934444	0.004777	0.464001
0,1,1,1,1,2	0.00222222	0.936667	0.00474	0.46764
0,1,1,1,2,1	0.00222222	0.938889	0.004582	0.483843
0,0,1,0,0,2	0.00222222	0.941111	0.004678	0.473868
0,0,0,0,1,1	0.00222222	0.943333	0.001822	1.22015
0,0,1,2,2,0	0.00222222	0.945556	0.001582	1.40559
0,1,2,3,3,4	0.00222222	0.947778	0.019044	0.114722
0,1,1,2,0,2	0.00111111	0.948889	0.000764	1.45484
0,1,1,1,2,3	0.00111111	0.95	0.006531	0.169206
0,1,1,1,2,2	0.00111111	0.951111	0.001567	0.708745
0,1,1,1,1,0	0.00111111	0.952222	0.001808	0.614124
0,1,1,0,2,3	0.00111111	0.953333	0.003339	0.332025
0,1,1,0,1,2	0.00111111	0.954444	0.001564	0.710107
0,1,1,0,1,1	0.00111111	0.955556	0.001841	0.603096
0,1,1,0,0,2	0.00111111	0.956667	0.001601	0.69367
0,0,1,0,0,1	0.00111111	0.957778	0.001877	0.591507
0,1,0,2,2,1	0.00111111	0.958889	0.000772	1.43975
0,1,0,2,1,2	0.00111111	0.96	0.000762	1.45866
0,1,0,2,1,0	0.00111111	0.961111	0.001514	0.733595
0,1,0,2,0,2	0.00111111	0.962222	0.001531	0.725437
0,1,2,0,0,0	0.00111111	0.963333	0.004751	0.233017
0,1,2,0,0,3	0.00111111	0.964444	0.006512	0.169703
0,1,2,0,2,1	0.00111111	0.965556	0.000749	1.484
0,1,2,0,2,3	0.00111111	0.966667	0.003227	0.343588
0,1,2,0,3,1	0.00111111	0.967778	0.003222	0.344123
0,1,2,1,0,1	0.00111111	0.968889	0.001637	0.678391
0,1,0,1,2,1	0.00111111	0.97	0.001538	0.72213
0,1,2,1,1,3	0.00111111	0.971111	0.006535	0.169101
0,1,2,1,2,0	0.00111111	0.972222	0.000792	1.40337
0,1,0,1,2,0	0.00111111	0.973333	0.001613	0.688501
0,1,2,2,0,3	0.00111111	0.974444	0.003204	0.346062
0,1,2,2,1,1	0.00111111	0.975556	0.001567	0.708745
0,1,2,2,2,1	0.00111111	0.976667	0.001549	0.716994
0,1,0,1,0,1	0.00111111	0.977778	0.001167	0.952056
0,1,2,2,3,2	0.00111111	0.978889	0.0064	0.172692
0,1,2,2,3,3	0.00111111	0.98	0.003287	0.337296
0,1,2,2,3,4	0.00111111	0.981111	0.019058	0.0572541
0,1,0,0,2,3	0.00111111	0.982222	0.006463	0.170998
0,1,2,3,0,4	0.00111111	0.983333	0.019053	0.0572694
0,1,2,3,1,1	0.00111111	0.984444	0.006343	0.174254
0,1,0,0,2,2	0.00111111	0.985556	0.001612	0.688929
0,1,2,3,2,0	0.00111111	0.986667	0.00328	0.338018
0,1,0,0,2,0	0.00111111	0.987778	0.004784	0.231402
0,0,1,0,1,0	0.00111111	0.988889	0.001939	0.572558
0,1,2,3,2,4	0.00111111	0.99	0.019084	0.0571745
0,1,2,3,3,1	0.00111111	0.991111	0.003228	0.343481
0,1,2,3,3,2	0.00111111	0.992222	0.003186	0.348024
0,0,1,0,1,1	0.00111111	0.993333	0.001219	0.911395
0,0,1,0,2,0	0.00111111	0.994444	0.004653	0.237948
0,1,2,3,4,0	0.00111111	0.995556	0.019102	0.0571196
0,0,1,2,0,1	0.00111111	0.996667	0.00166	0.668976
0,0,1,0,2,2	0.00111111	0.997778	0.001493	0.743929
0,0,1,1,2,3	0.00111111	0.998889	0.003202	0.346279
0,1,0,2,2,3	0.00111111	1	0.003271	0.338951
