model	post_prob	cumulative_post_prob	prior_prob	bf
0,0,0,0,1,2	0.0711111	0.0711111	0.004749	16.0437
0,0,0,0,1,0	0.0711111	0.142222	0.00738	10.2968
0,0,0,0,1,1	0.0533333	0.195556	0.001822	30.8646
0,0,0,1,1,1	0.05	0.245556	0.001153	45.5949
0,0,0,1,2,3	0.0411111	0.286667	0.006418	6.63735
0,1,2,3,4,5	0.0344444	0.321111	0.153243	0.197115
0,0,0,1,2,1	0.0333333	0.354444	0.001618	21.2775
0,0,0,0,0,0	0.0233333	0.377778	0.026357	0.88254
0,0,0,1,2,2	0.0222222	0.4	0.001545	14.6875
0,1,0,2,3,4	0.0211111	0.421111	0.018821	1.1243
0,0,1,2,3,4	0.02	0.441111	0.018931	1.05762
0,1,1,1,2,3	0.0177778	0.458889	0.006291	2.85895
0,1,1,1,2,1	0.0177778	0.476667	0.004771	3.77556
0,1,0,0,2,3	0.0166667	0.493333	0.006521	2.58222
0,0,1,1,2,1	0.0166667	0.51	0.001622	10.4326
0,0,1,2,3,3	0.0166667	0.526667	0.003209	5.26481
0,1,0,0,2,2	0.0155556	0.542222	0.001618	9.75018
0,1,1,2,3,4	0.0144444	0.556667	0.018889	0.761253
0,1,0,0,2,0	0.0144444	0.571111	0.004695	3.10699
0,0,1,2,3,2	0.0144444	0.585556	0.003201	4.56396
0,0,1,1,1,1	0.0144444	0.6	0.001884	7.76461
0,0,0,1,1,2	0.0144444	0.614444	0.001562	9.36828
0,1,2,2,3,4	0.0133333	0.627778	0.019254	0.688341
0,0,1,2,2,2	0.0133333	0.641111	0.001569	8.59931
0,0,1,0,2,3	0.0133333	0.654444	0.006427	2.0891
0,0,1,1,2,3	0.0133333	0.667778	0.003272	4.11653
0,1,0,2,3,2	0.0122222	0.68	0.003211	3.84108
0,0,1,2,3,1	0.01	0.69	0.003277	3.07229
0,1,2,2,3,2	0.01	0.7	0.00639	1.57065
0,1,1,1,2,2	0.00888889	0.708889	0.00161	5.5616
0,0,1,1,2,2	0.00888889	0.717778	0.000733	12.2265
0,1,2,3,4,3	0.00888889	0.726667	0.018949	0.464334
0,0,1,2,2,3	0.00777778	0.734444	0.003186	2.45253
0,1,1,0,2,0	0.00777778	0.742222	0.001561	5.01378
0,1,1,1,2,0	0.00666667	0.748889	0.001528	4.38557
0,1,2,3,4,4	0.00666667	0.755556	0.0192	0.342841
0,1,1,2,2,2	0.00666667	0.762222	0.00152	4.40869
0,1,1,2,3,1	0.00666667	0.768889	0.00637	1.04689
0,1,1,2,3,2	0.00666667	0.775556	0.003237	2.06663
0,0,1,0,2,0	0.00666667	0.782222	0.004775	1.39882
0,1,2,0,3,0	0.00666667	0.788889	0.006334	1.05287
0,1,2,2,2,2	0.00666667	0.795556	0.004799	1.39179
0,1,2,3,4,2	0.00666667	0.802222	0.019009	0.346353
0,1,0,1,2,3	0.00666667	0.808889	0.003204	2.08799
0,1,1,0,2,3	0.00555556	0.814444	0.003136	1.77585
0,0,1,0,2,1	0.00555556	0.82	0.001566	3.56184
0,0,0,1,2,0	0.00555556	0.825556	0.004851	1.14605
0,1,2,0,3,4	0.00555556	0.831111	0.018872	0.290439
0,0,1,2,1,1	0.00555556	0.836667	0.001573	3.54597
0,1,2,2,3,3	0.00555556	0.842222	0.003237	1.72027
0,1,2,1,3,3	0.00555556	0.847778	0.003135	1.77642
0,1,0,2,3,0	0.00555556	0.853333	0.006461	0.859077
0,0,1,0,1,1	0.00444444	0.857778	0.001265	3.52462
0,1,0,2,2,2	0.00444444	0.862222	0.001587	2.80857
0,1,0,2,3,3	0.00444444	0.866667	0.003179	1.39984
0,1,2,3,4,0	0.00444444	0.871111	0.018891	0.231854
0,1,2,1,3,4	0.00444444	0.875556	0.019065	0.229697
0,1,2,3,3,3	0.00444444	0.88	0.006312	0.702805
0,1,2,2,2,3	0.00444444	0.884444	0.006379	0.695377
0,1,2,0,3,2	0.00444444	0.888889	0.003163	1.40694
0,1,0,1,2,2	0.00444444	0.893333	0.000784	5.68978
0,1,1,0,2,2	0.00333333	0.896667	0.000809	4.13075
0,1,0,1,2,1	0.00333333	0.9	0.001554	2.14883
0,1,2,1,3,0	0.00333333	0.903333	0.003244	1.02763
0,1,2,3,4,1	0.00333333	0.906667	0.019162	0.171193
0,1,2,0,3,1	0.00333333	0.91	0.003169	1.05203
0,1,0,2,2,3	0.00333333	0.913333	0.003329	1.00131
0,0,1,2,1,3	0.00333333	0.916667	0.003132	1.0645
0,1,2,1,3,1	0.00333333	0.92	0.006468	0.513737
0,1,1,2,3,3	0.00333333	0.923333	0.00317	1.0517
0,1,0,0,0,0	0.00333333	0.926667	0.007546	0.439868
0,0,1,0,2,2	0.00333333	0.93	0.001555	2.14745
0,0,1,1,1,2	0.00333333	0.933333	0.001576	2.11879
0,1,2,3,3,4	0.00333333	0.936667	0.01896	0.173052
0,1,1,2,2,3	0.00222222	0.938889	0.003258	0.681374
0,1,2,2,1,1	0.00222222	0.941111	0.0016	1.38976
0,0,1,0,1,0	0.00222222	0.943333	0.001869	1.18941
0,1,2,3,2,4	0.00222222	0.945556	0.019064	0.114599
0,1,0,0,2,1	0.00222222	0.947778	0.001627	1.36666
0,1,2,0,0,0	0.00222222	0.95	0.004763	0.465371
0,1,0,2,3,1	0.00222222	0.952222	0.003204	0.692895
0,1,2,0,2,0	0.00222222	0.954444	0.001554	1.43096
0,0,1,2,1,2	0.00222222	0.956667	0.000795	2.79925
0,0,1,2,2,1	0.00222222	0.958889	0.000773	2.87898
0,1,1,1,1,1	0.00222222	0.961111	0.007282	0.303619
0,1,1,0,2,1	0.00222222	0.963333	0.001538	1.44587
0,1,1,1,0,0	0.00222222	0.965556	0.001221	1.82183
0,1,0,2,0,0	0.00222222	0.967778	0.004713	0.470332
0,1,2,1,2,2	0.00222222	0.97	0.001523	1.46013
0,1,2,1,1,3	0.00111111	0.971111	0.006535	0.169101
0,1,2,1,1,1	0.00111111	0.972222	0.004721	0.234504
0,1,2,0,3,3	0.00111111	0.973333	0.003294	0.336576
0,1,2,0,2,2	0.00111111	0.974444	0.001602	0.693237
0,1,2,0,0,3	0.00111111	0.975556	0.006422	0.172096
0,1,1,2,3,0	0.00111111	0.976667	0.003111	0.356441
0,0,1,1,2,0	0.00111111	0.977778	0.001582	0.702015
0,1,2,2,2,1	0.00111111	0.978889	0.001537	0.722601
0,1,1,2,2,0	0.00111111	0.98	0.000813	1.36709
0,1,1,2,0,3	0.00111111	0.981111	0.003223	0.344016
0,1,2,2,3,0	0.00111111	0.982222	0.003207	0.345737
0,0,1,0,0,1	0.00111111	0.983333	0.001822	0.609396
0,1,1,1,0,2	0.00111111	0.984444	0.001629	0.681728
0,0,1,0,0,0	0.00111111	0.985556	0.007412	0.148961
0,1,2,3,1,3	0.00111111	0.986667	0.003312	0.334741
0,1,2,3,2,0	0.00111111	0.987778	0.003156	0.351342
0,1,2,3,2,2	0.00111111	0.988889	0.006427	0.171962
0,0,1,2,3,0	0.00111111	0.99	0.006466	0.170918
0,1,2,3,3,1	0.00111111	0.991111	0.003146	0.352463
0,1,1,0,0,1	0.00111111	0.992222	0.001229	0.903971
0,1,1,0,0,0	0.00111111	0.993333	0.00183	0.606728
0,1,0,0,1,1	0.00111111	0.994444	0.001233	0.901034
0,1,0,2,2,0	0.00111111	0.995556	0.001542	0.720254
0,0,0,0,0,1	0.00111111	0.996667	0.007413	0.148941
0,0,0,1,1,0	0.00111111	0.997778	0.001839	0.603753
0,1,0,1,1,1	0.00111111	0.998889	0.00193	0.575233
0,1,1,0,1,1	0.00111111	1	0.001903	0.583411
