model	post_prob	cumulative_post_prob	prior_prob	bf
0,0,0,0,0,0	0.558889	0.558889	0.026015	47.4358
0,0,0,1,0,0	0.0666667	0.625556	0.00745	9.5163
0,0,0,0,0,1	0.0333333	0.658889	0.007547	4.53459
0,0,0,1,0,1	0.0255556	0.684444	0.001816	14.4153
0,0,0,0,1,0	0.0211111	0.705556	0.007536	2.84022
0,1,1,1,1,1	0.02	0.725556	0.007547	2.68373
0,1,0,0,0,0	0.0166667	0.742222	0.00723	2.32733
0,0,0,1,0,2	0.0155556	0.757778	0.004705	3.34262
0,0,1,0,0,0	0.0144444	0.772222	0.007381	1.971
0,1,1,0,1,0	0.01	0.782222	0.001191	8.47102
0,0,0,1,1,1	0.00888889	0.791111	0.001216	7.36653
0,0,1,1,1,1	0.00666667	0.797778	0.001837	3.64675
0,0,1,1,0,1	0.00666667	0.804444	0.00122	5.49444
0,0,1,0,1,1	0.00666667	0.811111	0.001196	5.60483
0,0,1,0,1,0	0.00666667	0.817778	0.001833	3.65472
0,1,1,0,0,0	0.00666667	0.824444	0.00183	3.66073
0,1,0,1,0,1	0.00666667	0.831111	0.001221	5.48994
0,0,1,1,0,0	0.00555556	0.836667	0.001861	2.99634
0,0,0,1,2,3	0.00444444	0.841111	0.006427	0.69015
0,1,0,0,0,1	0.00444444	0.845556	0.001855	2.40216
0,0,0,1,2,0	0.00444444	0.85	0.004793	0.926954
0,0,1,2,0,0	0.00444444	0.854444	0.004718	0.94176
0,1,1,2,1,1	0.00444444	0.858889	0.004713	0.942764
0,0,0,0,1,2	0.00444444	0.863333	0.004757	0.934002
0,1,1,2,1,2	0.00444444	0.867778	0.001641	2.716
0,0,1,1,1,0	0.00444444	0.872222	0.001254	3.55557
0,1,0,2,0,0	0.00333333	0.875556	0.004722	0.704932
0,1,1,1,1,0	0.00333333	0.878889	0.001813	1.84138
0,1,0,1,1,1	0.00333333	0.882222	0.001807	1.8475
0,1,0,2,2,2	0.00333333	0.885556	0.001601	2.08565
0,1,0,1,0,0	0.00333333	0.888889	0.001849	1.80546
0,1,1,0,0,1	0.00333333	0.892222	0.001229	2.71796
0,0,1,2,1,2	0.00333333	0.895556	0.0008	4.17726
0,0,0,0,1,1	0.00333333	0.898889	0.001869	1.78611
0,0,0,1,1,0	0.00333333	0.902222	0.001807	1.8475
0,1,0,0,2,0	0.00333333	0.905556	0.004774	0.697217
0,1,0,0,1,0	0.00333333	0.908889	0.001856	1.79864
0,0,1,2,3,0	0.00222222	0.911111	0.006413	0.345063
0,1,1,1,0,0	0.00222222	0.913333	0.001229	1.80995
0,1,1,0,1,1	0.00222222	0.915556	0.001878	1.1837
0,0,1,0,1,2	0.00222222	0.917778	0.00161	1.38111
0,1,0,0,0,2	0.00222222	0.92	0.004734	0.468236
0,1,1,1,0,1	0.00222222	0.922222	0.001832	1.21348
0,1,1,1,2,1	0.00222222	0.924444	0.004804	0.461381
0,1,2,0,0,0	0.00222222	0.926667	0.004763	0.465371
0,1,2,2,0,2	0.00222222	0.928889	0.001642	1.35415
0,0,1,2,0,1	0.00222222	0.931111	0.001557	1.4282
0,1,0,1,0,2	0.00222222	0.933333	0.001514	1.46882
0,1,0,1,1,0	0.00222222	0.935556	0.001167	1.90623
0,1,2,2,2,3	0.00222222	0.937778	0.006306	0.350956
0,1,0,2,1,2	0.00222222	0.94	0.00077	2.8902
0,0,1,1,0,2	0.00222222	0.942222	0.001562	1.42362
0,1,0,2,0,1	0.00222222	0.944444	0.001595	1.39412
0,1,0,2,1,0	0.00222222	0.946667	0.001593	1.39587
0,1,0,2,0,3	0.00111111	0.947778	0.006373	0.173428
0,1,0,2,1,1	0.00111111	0.948889	0.001592	0.697598
0,1,0,1,2,0	0.00111111	0.95	0.001517	0.732142
0,0,1,0,0,2	0.00111111	0.951111	0.004641	0.238566
0,0,1,0,0,1	0.00111111	0.952222	0.001829	0.60706
0,1,0,0,2,2	0.00111111	0.953333	0.001591	0.698037
0,0,0,1,2,1	0.00111111	0.954444	0.001524	0.728774
0,0,1,0,2,0	0.00111111	0.955556	0.0047	0.235557
0,0,1,2,3,3	0.00111111	0.956667	0.003297	0.336269
0,0,1,2,2,3	0.00111111	0.957778	0.003279	0.338121
0,0,1,1,1,2	0.00111111	0.958889	0.001608	0.690646
0,0,0,1,1,2	0.00111111	0.96	0.001498	0.741442
0,0,1,2,2,2	0.00111111	0.961111	0.00148	0.750473
0,1,1,1,2,2	0.00111111	0.962222	0.001579	0.703351
0,1,1,1,2,3	0.00111111	0.963333	0.006457	0.171158
0,1,1,2,1,0	0.00111111	0.964444	0.001546	0.718388
0,0,1,2,2,1	0.00111111	0.965556	0.000792	1.40337
0,0,1,2,2,0	0.00111111	0.966667	0.001531	0.725437
0,1,1,2,2,0	0.00111111	0.967778	0.000824	1.34882
0,1,1,2,2,2	0.00111111	0.968889	0.001605	0.691939
0,1,1,2,2,3	0.00111111	0.97	0.003226	0.343695
0,1,1,2,3,1	0.00111111	0.971111	0.006475	0.170679
0,1,1,2,3,3	0.00111111	0.972222	0.003275	0.338536
0,0,1,2,0,3	0.00111111	0.973333	0.006471	0.170785
0,1,2,0,0,3	0.00111111	0.974444	0.006546	0.168815
0,1,2,0,2,0	0.00111111	0.975556	0.001532	0.724963
0,1,2,0,2,3	0.00111111	0.976667	0.00325	0.341148
0,1,2,0,3,3	0.00111111	0.977778	0.003232	0.343054
0,1,2,1,0,1	0.00111111	0.978889	0.001631	0.680891
0,1,2,1,1,1	0.00111111	0.98	0.00481	0.230145
0,1,2,1,1,3	0.00111111	0.981111	0.006435	0.171747
0,1,2,1,3,3	0.00111111	0.982222	0.003097	0.358057
0,1,2,2,0,1	0.00111111	0.983333	0.000804	1.3824
0,0,1,2,0,2	0.00111111	0.984444	0.001598	0.694975
0,1,2,2,1,1	0.00111111	0.985556	0.001572	0.706488
0,1,2,2,1,2	0.00111111	0.986667	0.001538	0.72213
0,1,2,2,1,3	0.00111111	0.987778	0.003148	0.352238
0,1,2,2,2,2	0.00111111	0.988889	0.004683	0.236416
0,0,1,0,2,3	0.00111111	0.99	0.006449	0.171371
0,1,2,2,3,3	0.00111111	0.991111	0.003199	0.346605
0,1,2,3,0,1	0.00111111	0.992222	0.003165	0.35034
0,1,2,3,1,0	0.00111111	0.993333	0.003285	0.337502
0,1,2,3,1,1	0.00111111	0.994444	0.006486	0.170387
0,1,2,3,1,3	0.00111111	0.995556	0.003212	0.345197
0,1,2,3,1,4	0.00111111	0.996667	0.0188	0.058055
0,1,2,3,2,1	0.00111111	0.997778	0.003229	0.343374
0,1,2,3,2,4	0.00111111	0.998889	0.01891	0.0577109
0,1,2,3,3,4	0.00111111	1	0.019119	0.0570678
