model	post_prob	cumulative_post_prob	prior_prob	bf
0,0,0,0,0,0	0.378889	0.378889	0.026151	22.7167
0,0,0,1,0,0	0.0433333	0.422222	0.007264	6.19041
0,0,0,0,0,1	0.0422222	0.464444	0.007492	5.84
0,0,1,0,0,1	0.0344444	0.498889	0.001808	19.6951
0,0,1,0,0,0	0.0288889	0.527778	0.007476	3.94942
0,1,1,1,1,1	0.0222222	0.55	0.007367	3.06228
0,1,0,0,0,0	0.0177778	0.567778	0.007262	2.47426
0,0,1,0,0,2	0.0166667	0.584444	0.004736	3.56184
0,0,0,1,1,0	0.0155556	0.6	0.001871	8.4296
0,0,0,0,1,0	0.0133333	0.613333	0.007412	1.80968
0,0,1,2,0,0	0.0111111	0.624444	0.0048	2.32959
0,1,1,0,1,1	0.01	0.634444	0.001866	5.40309
0,1,0,0,0,2	0.01	0.644444	0.004713	2.13312
0,1,0,1,0,0	0.00888889	0.653333	0.001835	4.87856
0,0,1,0,1,1	0.00888889	0.662222	0.001228	7.29446
0,1,0,1,1,0	0.00888889	0.671111	0.001244	7.20052
0,0,1,2,0,1	0.00888889	0.68	0.001553	5.76605
0,0,0,1,0,2	0.00888889	0.688889	0.004752	1.87837
0,1,2,0,0,0	0.00777778	0.696667	0.004782	1.63138
0,1,2,0,0,3	0.00666667	0.703333	0.006341	1.0517
0,1,2,1,1,2	0.00666667	0.71	0.001579	4.24371
0,1,1,2,1,1	0.00666667	0.716667	0.004654	1.43536
0,0,0,0,1,2	0.00666667	0.723333	0.004672	1.42981
0,1,0,1,1,1	0.00555556	0.728889	0.001856	3.00443
0,1,0,1,1,2	0.00555556	0.734444	0.001601	3.48385
0,0,1,0,1,0	0.00555556	0.74	0.001849	3.01583
0,0,1,2,0,3	0.00555556	0.745556	0.006475	0.857208
0,0,0,0,1,1	0.00444444	0.75	0.00184	2.42178
0,0,1,1,1,1	0.00444444	0.754444	0.001845	2.4152
0,1,2,1,1,1	0.00444444	0.758889	0.004696	0.946193
0,1,1,2,2,1	0.00444444	0.763333	0.001614	2.76151
0,1,1,1,1,0	0.00444444	0.767778	0.001889	2.35884
0,0,1,0,2,1	0.00444444	0.772222	0.001547	2.88131
0,0,0,1,2,0	0.00444444	0.776667	0.00488	0.910348
0,1,2,3,1,4	0.00444444	0.781111	0.019165	0.228475
0,1,2,0,1,3	0.00444444	0.785556	0.003174	1.40205
0,1,1,0,0,1	0.00444444	0.79	0.001251	3.56411
0,0,1,1,0,0	0.00444444	0.794444	0.001734	2.57009
0,1,2,0,1,0	0.00333333	0.797778	0.001592	2.09746
0,1,2,0,0,1	0.00333333	0.801111	0.001618	2.0637
0,1,2,0,1,1	0.00333333	0.804444	0.001583	2.1094
0,1,0,0,0,1	0.00333333	0.807778	0.001919	1.73948
0,1,2,0,2,3	0.00333333	0.811111	0.003256	1.02383
0,0,0,1,0,1	0.00333333	0.814444	0.00181	1.84444
0,1,2,1,1,0	0.00333333	0.817778	0.001595	2.09351
0,0,1,1,1,0	0.00333333	0.821111	0.00123	2.71575
0,1,1,2,0,1	0.00333333	0.824444	0.00156	2.14055
0,1,1,1,1,2	0.00333333	0.827778	0.004776	0.696924
0,1,2,2,0,2	0.00333333	0.831111	0.001514	2.20569
0,1,2,2,3,1	0.00333333	0.834444	0.003194	1.04377
0,1,1,1,0,0	0.00333333	0.837778	0.001175	2.84302
0,1,2,2,3,2	0.00333333	0.841111	0.006435	0.516388
0,0,1,0,1,2	0.00333333	0.844444	0.001552	2.15161
0,1,2,3,0,0	0.00333333	0.847778	0.006307	0.526936
0,1,1,0,1,2	0.00333333	0.851111	0.001598	2.08957
0,1,2,3,0,4	0.00333333	0.854444	0.019068	0.172053
0,1,0,2,0,0	0.00333333	0.857778	0.004796	0.694004
0,1,1,0,1,0	0.00333333	0.861111	0.001207	2.76756
0,1,1,0,0,2	0.00333333	0.864444	0.001556	2.14607
0,1,2,3,4,2	0.00333333	0.867778	0.019003	0.172653
0,1,1,0,0,0	0.00333333	0.871111	0.001887	1.76904
0,1,0,2,3,0	0.00333333	0.874444	0.006369	0.521774
0,1,0,2,2,2	0.00333333	0.877778	0.001644	2.03101
0,1,2,3,4,5	0.00222222	0.88	0.153123	0.0123178
0,1,2,0,3,3	0.00222222	0.882222	0.003239	0.685384
0,1,0,2,3,3	0.00222222	0.884444	0.003134	0.708421
0,0,0,1,2,2	0.00222222	0.886667	0.001639	1.35663
0,1,0,2,1,1	0.00222222	0.888889	0.001576	1.41095
0,1,0,2,1,0	0.00222222	0.891111	0.001619	1.37342
0,1,2,3,3,4	0.00222222	0.893333	0.018675	0.117032
0,1,2,3,3,0	0.00222222	0.895556	0.003138	0.707515
0,1,0,1,2,0	0.00222222	0.897778	0.001536	1.44775
0,0,0,1,2,3	0.00222222	0.9	0.006417	0.344846
0,1,2,3,1,0	0.00222222	0.902222	0.003138	0.707515
0,1,1,1,0,1	0.00222222	0.904444	0.001819	1.22217
0,1,0,1,0,1	0.00222222	0.906667	0.001217	1.82782
0,0,0,1,1,2	0.00222222	0.908889	0.00165	1.34757
0,1,0,0,2,3	0.00222222	0.911111	0.006467	0.342163
0,1,2,3,0,1	0.00222222	0.913333	0.003266	0.679699
0,0,0,1,1,1	0.00222222	0.915556	0.001227	1.81291
0,0,1,0,2,0	0.00222222	0.917778	0.004787	0.463027
0,0,1,0,2,2	0.00222222	0.92	0.001602	1.38802
0,1,2,2,2,3	0.00222222	0.922222	0.00651	0.339888
0,1,2,2,2,2	0.00222222	0.924444	0.004669	0.474785
0,0,1,0,2,3	0.00222222	0.926667	0.006545	0.338059
0,1,0,0,1,1	0.00222222	0.928889	0.001263	1.76117
0,1,2,1,1,3	0.00222222	0.931111	0.00637	0.347407
0,1,1,2,3,1	0.00222222	0.933333	0.006414	0.345009
0,0,1,1,1,2	0.00222222	0.935556	0.001661	1.33863
0,1,2,1,0,3	0.00222222	0.937778	0.003203	0.693112
0,0,1,2,3,4	0.00222222	0.94	0.019047	0.114703
0,1,2,1,0,0	0.00222222	0.942222	0.001518	1.46495
0,0,1,2,1,1	0.00222222	0.944444	0.0016	1.38976
0,1,2,0,2,2	0.00222222	0.946667	0.001601	1.38889
0,0,1,2,2,1	0.00222222	0.948889	0.000776	2.86784
0,0,1,2,2,0	0.00222222	0.951111	0.001611	1.38025
0,1,2,0,1,2	0.00111111	0.952222	0.000777	1.43048
0,1,2,0,2,0	0.00111111	0.953333	0.001583	0.701571
0,0,1,2,3,0	0.00111111	0.954444	0.006452	0.171291
0,0,1,2,3,1	0.00111111	0.955556	0.003089	0.358987
0,1,2,0,3,1	0.00111111	0.956667	0.00318	0.348682
0,1,2,0,3,2	0.00111111	0.957778	0.003117	0.355752
0,1,0,2,2,1	0.00111111	0.958889	0.00082	1.35541
0,1,2,0,0,2	0.00111111	0.96	0.001619	0.685946
0,1,2,1,0,1	0.00111111	0.961111	0.001594	0.696721
0,1,0,0,1,0	0.00111111	0.962222	0.001842	0.602768
0,0,1,1,2,1	0.00111111	0.963333	0.001531	0.725437
0,1,1,2,3,4	0.00111111	0.964444	0.018896	0.0577545
0,0,1,1,0,1	0.00111111	0.965556	0.001256	0.884514
0,1,1,2,3,0	0.00111111	0.966667	0.00315	0.352014
0,1,2,1,2,2	0.00111111	0.967778	0.001662	0.66817
0,1,2,1,3,0	0.00111111	0.968889	0.003252	0.340938
0,1,2,1,3,3	0.00111111	0.97	0.003217	0.344659
0,1,2,1,3,4	0.00111111	0.971111	0.019068	0.0572235
0,1,1,2,1,3	0.00111111	0.972222	0.006433	0.1718
0,1,2,2,1,2	0.00111111	0.973333	0.001593	0.697159
0,1,2,2,1,3	0.00111111	0.974444	0.00332	0.333932
0,1,2,2,2,1	0.00111111	0.975556	0.001639	0.677562
0,1,0,0,1,2	0.00111111	0.976667	0.001562	0.711018
0,1,1,2,1,0	0.00111111	0.977778	0.001518	0.731659
0,1,1,2,0,3	0.00111111	0.978889	0.003142	0.352913
0,1,0,0,2,0	0.00111111	0.98	0.004904	0.225712
0,1,2,2,3,3	0.00111111	0.981111	0.003185	0.348133
0,1,1,1,2,3	0.00111111	0.982222	0.006311	0.175143
0,1,1,1,2,1	0.00111111	0.983333	0.004742	0.233461
0,1,2,3,0,2	0.00111111	0.984444	0.003258	0.340308
0,1,0,2,2,3	0.00111111	0.985556	0.003196	0.346931
0,1,0,1,0,2	0.00111111	0.986667	0.001592	0.697598
0,1,2,3,1,1	0.00111111	0.987778	0.006511	0.169729
0,1,2,3,1,2	0.00111111	0.988889	0.003215	0.344874
0,1,1,0,2,3	0.00111111	0.99	0.003246	0.34157
0,1,2,3,2,1	0.00111111	0.991111	0.003287	0.337296
0,1,0,1,2,1	0.00111111	0.992222	0.00153	0.725912
0,1,2,3,3,2	0.00111111	0.993333	0.003256	0.340518
0,1,0,2,0,3	0.00111111	0.994444	0.006479	0.170573
0,1,2,3,4,0	0.00111111	0.995556	0.019322	0.0564566
0,1,0,2,1,3	0.00111111	0.996667	0.003151	0.351902
0,1,2,3,4,3	0.00111111	0.997778	0.018911	0.0577078
0,1,2,3,4,4	0.00111111	0.998889	0.019244	0.0566899
0,0,0,1,2,1	0.00111111	1	0.001569	0.707841
