model	post_prob	cumulative_post_prob	prior_prob	bf
0,0,0,0,0,0	0.311111	0.311111	0.02605	16.8848
0,0,0,1,0,0	0.171111	0.482222	0.007523	27.234
0,0,0,1,0,1	0.0566667	0.538889	0.001882	31.8585
0,0,0,1,0,2	0.0366667	0.575556	0.004776	7.93143
0,0,0,0,1,0	0.0222222	0.597778	0.007326	3.07955
0,0,1,1,0,1	0.02	0.617778	0.001196	17.0433
0,0,0,0,0,1	0.0177778	0.635556	0.007403	2.42679
0,1,0,0,0,0	0.0166667	0.652222	0.007472	2.25141
0,1,1,1,1,1	0.0155556	0.667778	0.007309	2.1461
0,1,0,2,1,0	0.0122222	0.68	0.001552	7.96021
0,0,0,1,2,0	0.0111111	0.691111	0.004741	2.35872
0,0,1,2,0,0	0.0111111	0.702222	0.004807	2.32618
0,0,1,2,0,1	0.0111111	0.713333	0.001587	7.06876
0,0,1,0,0,0	0.0111111	0.724444	0.007569	1.47323
0,1,0,2,0,0	0.00888889	0.733333	0.004818	1.85251
0,0,1,1,0,0	0.00888889	0.742222	0.001911	4.68418
0,0,0,1,1,1	0.00777778	0.75	0.001263	6.19861
0,1,0,0,1,0	0.00777778	0.757778	0.001815	4.31103
0,1,1,2,1,1	0.00777778	0.765556	0.004806	1.62319
0,1,0,2,0,2	0.00777778	0.773333	0.001579	4.95653
0,0,0,1,1,0	0.00666667	0.78	0.001799	3.72392
0,1,1,1,0,1	0.00666667	0.786667	0.001828	3.66474
0,0,1,1,0,2	0.00555556	0.792222	0.001628	3.42598
0,0,1,2,1,3	0.00555556	0.797778	0.003214	1.73262
0,0,1,1,1,1	0.00555556	0.803333	0.001779	3.13471
0,0,0,1,2,3	0.00555556	0.808889	0.006362	0.872532
0,0,1,0,0,1	0.00555556	0.814444	0.001847	3.0191
0,1,1,2,1,3	0.00555556	0.82	0.00639	0.868684
0,0,1,1,2,1	0.00444444	0.824444	0.001623	2.74617
0,1,0,1,0,1	0.00444444	0.828889	0.001206	3.69727
0,1,1,2,0,0	0.00444444	0.833333	0.001461	3.05117
0,0,1,0,1,0	0.00444444	0.837778	0.001789	2.49094
0,0,1,2,0,2	0.00444444	0.842222	0.001591	2.8015
0,0,1,2,0,3	0.00444444	0.846667	0.006365	0.696916
0,0,1,2,1,1	0.00444444	0.851111	0.001652	2.69789
0,1,0,2,1,1	0.00333333	0.854444	0.001527	2.18689
0,1,0,2,0,3	0.00333333	0.857778	0.006413	0.518171
0,0,0,0,1,2	0.00333333	0.861111	0.004637	0.717915
0,1,1,2,1,2	0.00333333	0.864444	0.001572	2.12419
0,1,1,0,0,0	0.00333333	0.867778	0.001836	1.81827
0,1,1,2,1,0	0.00333333	0.871111	0.001597	2.09088
0,0,0,1,2,1	0.00333333	0.874444	0.001607	2.07785
0,1,1,1,0,0	0.00333333	0.877778	0.001227	2.72239
0,1,0,1,1,0	0.00333333	0.881111	0.00126	2.65101
0,1,1,0,1,1	0.00333333	0.884444	0.001846	1.8084
0,1,0,0,1,1	0.00333333	0.887778	0.001178	2.83577
0,1,1,0,1,0	0.00333333	0.891111	0.001217	2.74479
0,1,1,1,1,0	0.00333333	0.894444	0.001831	1.82324
0,1,0,1,0,0	0.00333333	0.897778	0.001849	1.80546
0,1,2,3,0,1	0.00333333	0.901111	0.003217	1.03628
0,0,1,1,2,3	0.00222222	0.903333	0.003198	0.694199
0,1,2,3,2,2	0.00222222	0.905556	0.006418	0.344792
0,0,0,1,2,2	0.00222222	0.907778	0.001621	1.37172
0,1,1,2,0,1	0.00222222	0.91	0.00158	1.40738
0,1,1,0,2,1	0.00222222	0.912222	0.001619	1.37342
0,1,1,0,2,0	0.00222222	0.914444	0.001526	1.45726
0,1,1,2,0,3	0.00222222	0.916667	0.003245	0.684112
0,1,0,2,0,1	0.00222222	0.918889	0.001625	1.36834
0,1,2,1,0,2	0.00222222	0.921111	0.000802	2.77479
0,0,1,2,1,2	0.00222222	0.923333	0.000779	2.85679
0,0,0,0,1,1	0.00222222	0.925556	0.001884	1.17992
0,0,1,2,1,0	0.00222222	0.927778	0.001592	1.39675
0,1,1,2,3,4	0.00222222	0.93	0.018963	0.115221
0,1,1,2,3,2	0.00222222	0.932222	0.003206	0.692461
0,1,2,3,4,2	0.00222222	0.934444	0.018958	0.115252
0,1,0,2,3,2	0.00111111	0.935556	0.003235	0.342735
0,1,0,2,3,4	0.00111111	0.936667	0.018841	0.0579263
0,1,0,2,3,0	0.00111111	0.937778	0.00642	0.17215
0,1,1,0,0,1	0.00111111	0.938889	0.001229	0.903971
0,1,0,2,2,3	0.00111111	0.94	0.003218	0.344552
0,1,0,2,2,0	0.00111111	0.941111	0.001544	0.71932
0,1,0,1,2,3	0.00111111	0.942222	0.003239	0.342311
0,1,0,1,2,2	0.00111111	0.943333	0.000787	1.41229
0,1,0,1,2,1	0.00111111	0.944444	0.001657	0.670189
0,1,0,1,1,1	0.00111111	0.945556	0.001856	0.598213
0,1,0,1,0,2	0.00111111	0.946667	0.001602	0.693237
0,1,0,0,2,2	0.00111111	0.947778	0.001518	0.731659
0,1,1,1,2,1	0.00111111	0.948889	0.004645	0.23836
0,1,1,1,2,3	0.00111111	0.95	0.006358	0.17384
0,1,0,0,2,0	0.00111111	0.951111	0.004781	0.231548
0,0,1,2,3,4	0.00111111	0.952222	0.019145	0.0569888
0,1,1,2,0,2	0.00111111	0.953333	0.000755	1.4722
0,0,1,2,3,3	0.00111111	0.954444	0.003133	0.35393
0,0,1,2,3,2	0.00111111	0.955556	0.003243	0.341887
0,0,1,2,2,3	0.00111111	0.956667	0.003222	0.344123
0,0,1,2,2,2	0.00111111	0.957778	0.001492	0.744429
0,0,1,1,2,2	0.00111111	0.958889	0.000809	1.37385
0,1,1,2,2,0	0.00111111	0.96	0.000828	1.3423
0,1,1,2,2,1	0.00111111	0.961111	0.001607	0.691076
0,1,1,2,2,2	0.00111111	0.962222	0.001631	0.680891
0,1,1,2,3,0	0.00111111	0.963333	0.003165	0.35034
0,0,1,1,2,0	0.00111111	0.964444	0.001491	0.744929
0,0,1,1,1,2	0.00111111	0.965556	0.001562	0.711018
0,1,2,0,1,0	0.00111111	0.966667	0.001646	0.674676
0,1,2,0,1,1	0.00111111	0.967778	0.001607	0.691076
0,1,2,0,1,3	0.00111111	0.968889	0.003283	0.337708
0,1,2,0,2,0	0.00111111	0.97	0.0016	0.694105
0,1,2,0,2,3	0.00111111	0.971111	0.003214	0.344982
0,1,2,0,3,0	0.00111111	0.972222	0.006289	0.17576
0,1,2,0,3,4	0.00111111	0.973333	0.018877	0.0578137
0,1,2,1,0,0	0.00111111	0.974444	0.001637	0.678391
0,0,1,1,1,0	0.00111111	0.975556	0.001248	0.890191
0,1,2,1,1,0	0.00111111	0.976667	0.001608	0.690646
0,1,2,1,1,1	0.00111111	0.977778	0.004654	0.237896
0,1,2,1,2,1	0.00111111	0.978889	0.00154	0.721191
0,1,2,2,0,0	0.00111111	0.98	0.001554	0.714684
0,1,2,2,0,2	0.00111111	0.981111	0.001513	0.734081
0,1,2,2,0,3	0.00111111	0.982222	0.003222	0.344123
0,1,2,2,1,0	0.00111111	0.983333	0.000754	1.47415
0,1,2,2,1,2	0.00111111	0.984444	0.00159	0.698477
0,1,2,2,2,1	0.00111111	0.985556	0.001548	0.717458
0,1,2,2,2,2	0.00111111	0.986667	0.004795	0.230868
0,1,2,2,3,2	0.00111111	0.987778	0.006336	0.174447
0,1,2,3,0,0	0.00111111	0.988889	0.006515	0.169624
0,0,1,0,1,2	0.00111111	0.99	0.001562	0.711018
0,1,2,3,0,4	0.00111111	0.991111	0.019064	0.0572357
0,1,2,3,1,1	0.00111111	0.992222	0.006399	0.172719
0,1,2,3,1,2	0.00111111	0.993333	0.003243	0.341887
0,1,2,3,1,3	0.00111111	0.994444	0.003265	0.339576
0,0,1,0,1,1	0.00111111	0.995556	0.00123	0.903235
0,1,2,3,3,3	0.00111111	0.996667	0.006339	0.174364
0,1,2,3,4,1	0.00111111	0.997778	0.019134	0.0570222
0,0,1,0,0,2	0.00111111	0.998889	0.004822	0.229569
0,1,2,3,4,5	0.00111111	1	0.153321	0.00614267
