model	post_prob	cumulative_post_prob	prior_prob	bf
0,0,0,1,1,1	0.13	0.13	0.001206	123.752
0,0,0,1,1,2	0.05	0.18	0.001591	33.0282
0,0,0,1,2,3	0.0477778	0.227778	0.006508	7.65957
0,0,0,0,0,0	0.0466667	0.274444	0.025836	1.84573
0,0,1,1,1,1	0.0411111	0.315556	0.001846	23.1823
0,0,0,1,2,1	0.04	0.355556	0.00164	25.3648
0,0,0,1,2,2	0.0366667	0.392222	0.001551	24.5024
0,0,1,2,2,2	0.0344444	0.426667	0.001619	21.9984
0,0,1,2,3,4	0.0288889	0.455556	0.01877	1.55514
0,1,2,3,4,5	0.0266667	0.482222	0.153882	0.150643
0,0,1,2,2,3	0.0233333	0.505556	0.003272	7.27769
0,1,0,2,2,2	0.0222222	0.527778	0.001587	14.2982
0,0,1,2,3,2	0.0188889	0.546667	0.00327	5.86838
0,1,0,2,2,3	0.0155556	0.562222	0.003234	4.87021
0,1,1,2,2,2	0.0155556	0.577778	0.001621	9.7321
0,1,0,2,3,2	0.0155556	0.593333	0.003297	4.77684
0,1,2,3,3,3	0.0144444	0.607778	0.006416	2.26966
0,0,1,1,2,1	0.0144444	0.622222	0.001523	9.60855
0,1,1,2,3,4	0.0133333	0.635556	0.018996	0.697874
0,0,1,1,1,2	0.0133333	0.648889	0.001584	8.51775
0,0,1,2,1,1	0.0122222	0.661111	0.001516	8.14954
0,1,0,2,3,4	0.0122222	0.673333	0.019028	0.637903
0,1,1,2,2,3	0.0122222	0.685556	0.003177	3.88232
0,0,0,0,0,1	0.0111111	0.696667	0.007245	1.53962
0,1,1,2,3,2	0.0111111	0.707778	0.003246	3.45024
0,1,1,1,1,1	0.0111111	0.718889	0.007451	1.49674
0,1,2,3,3,4	0.01	0.728889	0.019023	0.520888
0,1,2,2,2,2	0.01	0.738889	0.004754	2.11464
0,1,1,2,3,3	0.01	0.748889	0.003222	3.12491
0,1,2,3,4,4	0.01	0.758889	0.018996	0.521643
0,1,2,3,2,4	0.00888889	0.767778	0.018772	0.468797
0,0,1,2,3,3	0.00888889	0.776667	0.00314	2.84728
0,0,1,2,1,3	0.00888889	0.785556	0.003129	2.85732
0,0,1,1,2,3	0.00888889	0.794444	0.003172	2.81846
0,1,0,1,1,1	0.00888889	0.803333	0.00187	4.78708
0,1,2,3,4,3	0.00777778	0.811111	0.019336	0.397558
0,1,1,0,0,0	0.00777778	0.818889	0.00187	4.184
0,0,0,1,0,1	0.00777778	0.826667	0.001792	4.36646
0,0,1,1,2,2	0.00777778	0.834444	0.000775	10.1067
0,0,0,1,0,2	0.00777778	0.842222	0.004823	1.61745
0,1,2,3,2,2	0.00555556	0.847778	0.006448	0.86082
0,0,1,2,1,2	0.00555556	0.853333	0.000759	7.35488
0,1,0,2,3,3	0.00555556	0.858889	0.003169	1.7573
0,0,0,1,0,0	0.00555556	0.864444	0.007346	0.754908
0,0,0,0,1,1	0.00444444	0.868889	0.001848	2.41127
0,0,1,2,3,1	0.00444444	0.873333	0.00314	1.41728
0,1,0,0,0,0	0.00444444	0.877778	0.007262	0.610282
0,0,1,2,2,1	0.00444444	0.882222	0.000795	5.61099
0,1,2,1,1,1	0.00444444	0.886667	0.004734	0.938562
0,1,0,2,0,2	0.00444444	0.891111	0.001604	2.77876
0,0,0,0,1,0	0.00444444	0.895556	0.007397	0.599062
0,1,1,2,0,3	0.00333333	0.898889	0.003334	0.999799
0,0,0,0,1,2	0.00333333	0.902222	0.004683	0.710831
0,1,0,2,0,3	0.00333333	0.905556	0.006401	0.519149
0,0,1,0,2,2	0.00333333	0.908889	0.001662	2.00898
0,1,0,2,0,0	0.00222222	0.911111	0.00474	0.46764
0,1,0,1,2,3	0.00222222	0.913333	0.003185	0.697042
0,1,2,2,3,2	0.00222222	0.915556	0.006393	0.346149
0,1,2,2,2,3	0.00222222	0.917778	0.006365	0.347682
0,1,2,3,3,1	0.00222222	0.92	0.003173	0.699686
0,1,2,3,2,3	0.00222222	0.922222	0.003165	0.701461
0,1,2,3,3,2	0.00222222	0.924444	0.003225	0.688369
0,1,2,2,3,3	0.00222222	0.926667	0.003273	0.678241
0,0,1,1,0,1	0.00222222	0.928889	0.001269	1.75283
0,1,1,0,1,1	0.00222222	0.931111	0.001866	1.19133
0,1,1,0,1,2	0.00222222	0.933333	0.001593	1.39587
0,1,0,2,2,0	0.00222222	0.935556	0.001644	1.3525
0,1,2,3,4,0	0.00222222	0.937778	0.019013	0.114912
0,1,1,1,0,2	0.00222222	0.94	0.001535	1.4487
0,0,1,0,0,0	0.00222222	0.942222	0.007293	0.303158
0,1,0,2,1,2	0.00222222	0.944444	0.000778	2.86046
0,1,1,1,2,1	0.00222222	0.946667	0.004866	0.455474
0,1,1,1,2,2	0.00222222	0.948889	0.001591	1.39763
0,1,2,3,0,3	0.00222222	0.951111	0.003276	0.677618
0,1,2,0,0,3	0.00222222	0.953333	0.00631	0.350732
0,1,1,2,0,1	0.00111111	0.954444	0.001566	0.709199
0,1,1,2,1,1	0.00111111	0.955556	0.00472	0.234554
0,1,1,2,1,3	0.00111111	0.956667	0.006416	0.172258
0,1,1,2,2,1	0.00111111	0.957778	0.001675	0.662975
0,1,1,1,2,3	0.00111111	0.958889	0.006475	0.170679
0,1,1,1,1,2	0.00111111	0.96	0.004675	0.236823
0,1,1,2,3,1	0.00111111	0.961111	0.006191	0.178559
0,1,1,1,0,0	0.00111111	0.962222	0.001186	0.936786
0,1,1,0,2,3	0.00111111	0.963333	0.003106	0.357016
0,1,1,0,1,0	0.00111111	0.964444	0.001228	0.904708
0,1,2,0,0,0	0.00111111	0.965556	0.004691	0.236011
0,0,0,1,1,0	0.00111111	0.966667	0.001858	0.597567
0,1,2,0,3,0	0.00111111	0.967778	0.006563	0.168375
0,1,2,0,3,2	0.00111111	0.968889	0.0032	0.346496
0,1,2,0,3,4	0.00111111	0.97	0.018963	0.0575465
0,1,0,2,2,1	0.00111111	0.971111	0.000774	1.43603
0,1,2,1,1,2	0.00111111	0.972222	0.001595	0.696284
0,1,2,1,2,2	0.00111111	0.973333	0.00153	0.725912
0,1,2,1,3,1	0.00111111	0.974444	0.006374	0.173401
0,1,2,1,3,3	0.00111111	0.975556	0.003332	0.332725
0,1,2,1,3,4	0.00111111	0.976667	0.018771	0.0581465
0,1,2,2,0,0	0.00111111	0.977778	0.001619	0.685946
0,1,2,2,1,2	0.00111111	0.978889	0.001581	0.702459
0,1,0,2,1,3	0.00111111	0.98	0.00322	0.344337
0,1,0,2,1,0	0.00111111	0.981111	0.001573	0.706038
0,1,0,1,2,0	0.00111111	0.982222	0.001579	0.703351
0,1,0,1,0,2	0.00111111	0.983333	0.001584	0.701127
0,1,2,2,3,4	0.00111111	0.984444	0.01915	0.0569737
0,1,0,0,2,3	0.00111111	0.985556	0.00641	0.172421
0,1,2,3,0,4	0.00111111	0.986667	0.019089	0.0571593
0,1,2,3,2,0	0.00111111	0.987778	0.003228	0.343481
0,1,0,0,1,0	0.00111111	0.988889	0.001834	0.605402
0,0,1,2,3,0	0.00111111	0.99	0.006447	0.171425
0,0,1,2,1,0	0.00111111	0.991111	0.001588	0.699358
0,0,1,2,0,3	0.00111111	0.992222	0.006313	0.175087
0,0,1,2,0,2	0.00111111	0.993333	0.001563	0.710562
0,0,1,2,0,1	0.00111111	0.994444	0.001593	0.697159
0,0,1,1,0,0	0.00111111	0.995556	0.001893	0.586498
0,0,1,0,2,1	0.00111111	0.996667	0.001567	0.708745
0,0,1,0,1,1	0.00111111	0.997778	0.001234	0.900303
0,0,1,0,0,2	0.00111111	0.998889	0.004719	0.234604
0,1,0,2,3,1	0.00111111	1	0.003305	0.335453
