model	post_prob	cumulative_post_prob	prior_prob	bf
0,0,0,0,0,0	0.222222	0.222222	0.026194	10.6219
0,0,0,0,1,0	0.0611111	0.283333	0.007308	8.84142
0,0,0,1,1,0	0.0377778	0.321111	0.001881	20.8331
0,0,0,1,2,0	0.0333333	0.354444	0.004678	7.33678
0,0,0,1,1,1	0.0322222	0.386667	0.001198	27.7589
0,0,0,1,0,0	0.0233333	0.41	0.007421	3.19546
0,0,1,1,1,1	0.0233333	0.433333	0.001824	13.0741
0,1,0,0,0,0	0.0222222	0.455556	0.007401	3.04811
0,0,0,1,2,1	0.0222222	0.477778	0.001511	15.0185
0,1,1,1,1,1	0.0155556	0.493333	0.007335	2.13844
0,0,0,1,2,3	0.0133333	0.506667	0.006435	2.08649
0,0,0,0,0,1	0.0133333	0.52	0.007335	1.82882
0,0,1,1,2,1	0.0122222	0.532222	0.00157	7.86881
0,0,1,0,0,0	0.0111111	0.543333	0.007319	1.52394
0,1,1,1,2,1	0.01	0.553333	0.004778	2.10397
0,1,2,2,2,2	0.01	0.563333	0.004672	2.15193
0,1,1,0,0,0	0.00888889	0.572222	0.00186	4.81286
0,0,1,2,2,2	0.00888889	0.581111	0.001587	5.64233
0,0,1,1,1,2	0.00888889	0.59	0.001602	5.58941
0,0,0,1,1,2	0.00888889	0.598889	0.001592	5.62458
0,0,1,2,3,0	0.00777778	0.606667	0.006531	1.1924
0,1,2,3,4,5	0.00777778	0.614444	0.153303	0.0432936
0,1,1,2,3,4	0.00777778	0.622222	0.018952	0.405772
0,0,0,0,1,2	0.00777778	0.63	0.004758	1.63965
0,0,0,1,2,2	0.00777778	0.637778	0.001562	5.01056
0,0,1,1,1,0	0.00777778	0.645556	0.001263	6.19861
0,0,1,2,3,4	0.00666667	0.652222	0.019115	0.344396
0,1,0,0,2,0	0.00666667	0.658889	0.004774	1.39911
0,1,0,2,2,2	0.00666667	0.665556	0.001647	4.06822
0,1,1,2,1,1	0.00666667	0.672222	0.004893	1.36492
0,1,1,2,2,1	0.00666667	0.678889	0.001582	4.23565
0,1,1,2,3,1	0.00666667	0.685556	0.006362	1.04821
0,0,1,0,2,0	0.00666667	0.692222	0.004726	1.41339
0,0,1,2,2,0	0.00666667	0.698889	0.001585	4.22762
0,0,1,2,1,1	0.00666667	0.705556	0.001549	4.32603
0,1,0,2,3,4	0.00555556	0.711111	0.019141	0.286279
0,1,1,2,2,2	0.00555556	0.716667	0.001643	3.39465
0,0,0,0,1,1	0.00555556	0.722222	0.001855	3.00605
0,1,0,2,3,0	0.00555556	0.727778	0.006277	0.884423
0,1,2,1,1,1	0.00555556	0.733333	0.004732	1.17501
0,1,0,2,2,3	0.00555556	0.738889	0.003242	1.71761
0,0,1,2,2,3	0.00555556	0.744444	0.003128	1.78041
0,1,2,3,3,4	0.00555556	0.75	0.018878	0.290345
0,0,1,2,3,1	0.00555556	0.755556	0.003178	1.75231
0,0,1,2,3,2	0.00555556	0.761111	0.003243	1.71708
0,0,1,2,3,3	0.00555556	0.766667	0.003188	1.74679
0,1,0,1,1,1	0.00555556	0.772222	0.001825	3.05556
0,0,1,0,1,0	0.00555556	0.777778	0.001766	3.15783
0,1,1,1,1,2	0.00444444	0.782222	0.004764	0.932623
0,1,2,0,0,0	0.00444444	0.786667	0.004662	0.953126
0,1,2,3,2,2	0.00444444	0.791111	0.006412	0.691775
0,1,0,1,2,1	0.00444444	0.795556	0.001642	2.71435
0,1,1,2,3,2	0.00444444	0.8	0.003211	1.38585
0,0,1,2,1,3	0.00444444	0.804444	0.00321	1.38628
0,1,0,1,0,0	0.00444444	0.808889	0.001756	2.53784
0,1,2,2,3,2	0.00444444	0.813333	0.00624	0.710966
0,0,1,1,2,0	0.00444444	0.817778	0.001589	2.80503
0,1,0,1,1,0	0.00333333	0.821111	0.001242	2.68947
0,1,0,1,1,2	0.00333333	0.824444	0.001576	2.11879
0,1,2,1,3,1	0.00333333	0.827778	0.006535	0.508435
0,0,1,2,1,0	0.00333333	0.831111	0.001625	2.0548
0,0,1,2,0,0	0.00333333	0.834444	0.004833	0.688665
0,1,0,2,0,0	0.00333333	0.837778	0.004683	0.710831
0,1,1,1,2,2	0.00333333	0.841111	0.001631	2.04723
0,1,2,0,3,0	0.00333333	0.844444	0.006494	0.511667
0,0,0,1,0,2	0.00333333	0.847778	0.004689	0.709917
0,0,0,1,0,1	0.00333333	0.851111	0.001829	1.82524
0,1,1,1,1,0	0.00333333	0.854444	0.001877	1.77848
0,1,1,0,2,1	0.00333333	0.857778	0.001598	2.08957
0,1,2,2,3,4	0.00333333	0.861111	0.018813	0.174431
0,1,2,3,2,3	0.00333333	0.864444	0.003231	1.03178
0,1,2,2,2,0	0.00333333	0.867778	0.001651	2.02239
0,1,1,0,0,1	0.00333333	0.871111	0.001228	2.72017
0,1,0,2,3,2	0.00333333	0.874444	0.003094	1.07761
0,1,2,3,1,1	0.00333333	0.877778	0.006469	0.513657
0,1,0,2,3,3	0.00222222	0.88	0.003237	0.685809
0,0,1,0,0,1	0.00222222	0.882222	0.001872	1.1875
0,1,2,3,4,3	0.00222222	0.884444	0.018965	0.115209
0,1,2,3,4,2	0.00222222	0.886667	0.019169	0.113959
0,0,1,0,2,1	0.00222222	0.888889	0.00157	1.41635
0,1,0,2,2,1	0.00222222	0.891111	0.000761	2.92441
0,1,2,3,3,3	0.00222222	0.893333	0.006519	0.339416
0,1,2,3,3,1	0.00222222	0.895556	0.003218	0.689871
0,1,2,3,3,0	0.00222222	0.897778	0.00328	0.676789
0,1,1,1,0,1	0.00222222	0.9	0.001885	1.1793
0,1,2,3,2,4	0.00222222	0.902222	0.018893	0.115656
0,0,1,1,0,0	0.00222222	0.904444	0.00189	1.17617
0,1,2,3,0,4	0.00222222	0.906667	0.019227	0.113608
0,1,0,2,1,0	0.00222222	0.908889	0.001649	1.34839
0,1,2,3,0,0	0.00222222	0.911111	0.0063	0.351292
0,1,0,2,0,2	0.00222222	0.913333	0.001582	1.40559
0,1,2,2,3,3	0.00222222	0.915556	0.003236	0.686021
0,1,1,2,0,1	0.00222222	0.917778	0.001545	1.43931
0,0,1,1,2,2	0.00222222	0.92	0.000831	2.67788
0,1,2,2,3,0	0.00222222	0.922222	0.003247	0.68369
0,1,2,2,0,0	0.00222222	0.924444	0.001546	1.43838
0,0,1,2,1,2	0.00222222	0.926667	0.000791	2.81341
0,1,2,1,3,0	0.00222222	0.928889	0.003147	0.705485
0,1,0,1,2,0	0.00222222	0.931111	0.001562	1.42362
0,1,2,1,1,2	0.00222222	0.933333	0.001566	1.41998
0,1,1,2,2,3	0.00222222	0.935556	0.003209	0.691812
0,1,1,2,3,0	0.00222222	0.937778	0.003177	0.698803
0,0,1,2,2,1	0.00222222	0.94	0.000808	2.75417
0,1,2,0,3,3	0.00222222	0.942222	0.003166	0.701238
0,1,1,2,3,3	0.00222222	0.944444	0.003216	0.690301
0,1,0,0,1,0	0.00222222	0.946667	0.001833	1.21281
0,1,0,0,0,1	0.00222222	0.948889	0.001805	1.23166
0,1,2,0,2,0	0.00222222	0.951111	0.001583	1.4047
0,1,2,0,1,2	0.00111111	0.952222	0.000787	1.41229
0,1,2,0,1,3	0.00111111	0.953333	0.003138	0.353364
0,1,2,0,1,0	0.00111111	0.954444	0.001647	0.674265
0,1,0,0,0,2	0.00111111	0.955556	0.00466	0.237589
0,1,0,0,2,2	0.00111111	0.956667	0.001628	0.682148
0,1,2,1,0,0	0.00111111	0.957778	0.001512	0.734567
0,1,2,1,0,1	0.00111111	0.958889	0.001685	0.659034
0,1,0,0,2,3	0.00111111	0.96	0.00637	0.17351
0,1,0,1,0,1	0.00111111	0.961111	0.001266	0.877519
0,1,2,1,1,3	0.00111111	0.962222	0.006422	0.172096
0,1,2,1,2,2	0.00111111	0.963333	0.001519	0.731177
0,1,2,1,2,3	0.00111111	0.964444	0.003184	0.348243
0,1,1,2,2,0	0.00111111	0.965556	0.000783	1.41951
0,1,1,2,1,3	0.00111111	0.966667	0.006346	0.174171
0,1,2,1,3,4	0.00111111	0.967778	0.019027	0.0573492
0,1,0,1,2,3	0.00111111	0.968889	0.003255	0.340623
0,1,2,2,1,0	0.00111111	0.97	0.000822	1.35211
0,0,1,2,0,2	0.00111111	0.971111	0.00165	0.673037
0,0,1,1,2,3	0.00111111	0.972222	0.003262	0.339889
0,1,2,2,2,3	0.00111111	0.973333	0.00632	0.174892
0,1,1,2,0,3	0.00111111	0.974444	0.003242	0.341993
0,1,2,2,3,1	0.00111111	0.975556	0.003199	0.346605
0,1,1,2,0,2	0.00111111	0.976667	0.000794	1.39983
0,1,1,1,2,3	0.00111111	0.977778	0.006489	0.170308
0,0,1,1,0,2	0.00111111	0.978889	0.001515	0.73311
0,1,0,2,0,3	0.00111111	0.98	0.006339	0.174364
0,1,2,3,0,3	0.00111111	0.981111	0.003137	0.353477
0,1,0,2,1,1	0.00111111	0.982222	0.001544	0.71932
0,0,1,1,0,1	0.00111111	0.983333	0.001261	0.881003
0,1,2,3,1,4	0.00111111	0.984444	0.019218	0.0567681
0,1,2,3,2,0	0.00111111	0.985556	0.003222	0.344123
0,1,2,3,2,1	0.00111111	0.986667	0.00325	0.341148
0,1,0,2,2,0	0.00111111	0.987778	0.001589	0.698917
0,0,1,0,2,2	0.00111111	0.988889	0.001565	0.709653
0,1,1,1,0,2	0.00111111	0.99	0.001582	0.702015
0,1,1,1,0,0	0.00111111	0.991111	0.001191	0.932848
0,1,1,0,2,3	0.00111111	0.992222	0.003228	0.343481
0,1,2,3,3,2	0.00111111	0.993333	0.003211	0.345305
0,1,1,0,2,2	0.00111111	0.994444	0.000786	1.41409
0,1,1,0,2,0	0.00111111	0.995556	0.001544	0.71932
0,1,1,0,1,1	0.00111111	0.996667	0.001833	0.605733
0,1,0,2,3,1	0.00111111	0.997778	0.00318	0.348682
0,1,2,3,4,4	0.00111111	0.998889	0.01931	0.0564924
0,0,1,0,0,2	0.00111111	1	0.004785	0.231353
