model	post_prob	cumulative_post_prob	prior_prob	bf
0,0,0,0,0,0	0.283333	0.283333	0.025856	14.8951
0,0,1,0,0,0	0.06	0.343333	0.007336	8.63707
0,0,1,1,0,0	0.0366667	0.38	0.001807	21.0257
0,1,0,0,0,0	0.0266667	0.406667	0.007354	3.69809
0,0,0,1,0,0	0.0266667	0.433333	0.007296	3.72771
0,0,0,0,1,0	0.0255556	0.458889	0.007308	3.56241
0,0,0,0,0,1	0.0244444	0.483333	0.007286	3.414
0,1,1,1,1,1	0.0144444	0.497778	0.007251	2.0066
0,1,0,0,1,0	0.0144444	0.512222	0.001769	8.27033
0,0,1,2,0,0	0.0133333	0.525556	0.004777	2.81536
0,1,2,3,0,0	0.0122222	0.537778	0.006417	1.91586
0,1,0,0,2,0	0.0122222	0.55	0.004647	2.6503
0,1,2,3,1,4	0.0111111	0.561111	0.018996	0.580255
0,1,0,0,1,1	0.0111111	0.572222	0.001228	9.13856
0,1,2,0,0,0	0.0111111	0.583333	0.004645	2.4077
0,0,1,1,0,1	0.0111111	0.594444	0.001223	9.17597
0,0,1,1,2,0	0.01	0.604444	0.001557	6.47738
0,0,1,1,1,1	0.00888889	0.613333	0.001829	4.89459
0,1,2,1,1,1	0.00888889	0.622222	0.004694	1.90169
0,1,0,2,0,0	0.00888889	0.631111	0.004685	1.90536
0,1,2,3,4,5	0.00777778	0.638889	0.153379	0.0432683
0,1,2,2,2,2	0.00666667	0.645556	0.004676	1.42858
0,1,1,0,1,1	0.00666667	0.652222	0.001862	3.5977
0,0,1,2,0,3	0.00666667	0.658889	0.006429	1.03722
0,1,2,0,3,4	0.00666667	0.665556	0.018929	0.347846
0,1,2,2,3,4	0.00666667	0.672222	0.019077	0.345095
0,0,1,0,1,0	0.00666667	0.678889	0.001868	3.58612
0,0,0,0,1,1	0.00555556	0.684444	0.001856	3.00443
0,1,1,0,1,0	0.00555556	0.69	0.001226	4.55118
0,0,0,1,2,0	0.00555556	0.695556	0.004749	1.17079
0,0,1,0,2,0	0.00555556	0.701111	0.004725	1.17676
0,1,0,1,1,1	0.00555556	0.706667	0.001781	3.13119
0,1,2,0,1,1	0.00555556	0.712222	0.001617	3.44933
0,1,2,2,1,3	0.00555556	0.717778	0.003273	1.70129
0,1,2,3,1,1	0.00555556	0.723333	0.006409	0.866093
0,1,2,1,3,0	0.00444444	0.727778	0.003256	1.36663
0,0,1,1,0,2	0.00444444	0.732222	0.001587	2.80857
0,1,1,1,0,1	0.00444444	0.736667	0.001846	2.41389
0,1,2,2,1,2	0.00444444	0.741111	0.001546	2.88317
0,1,1,2,1,1	0.00444444	0.745556	0.004756	0.9342
0,1,2,2,0,3	0.00444444	0.75	0.003211	1.38585
0,1,2,2,0,2	0.00444444	0.754444	0.001599	2.78746
0,1,1,2,1,3	0.00444444	0.758889	0.006479	0.684575
0,1,2,2,0,0	0.00444444	0.763333	0.00154	2.89442
0,1,2,0,1,0	0.00444444	0.767778	0.001489	2.99371
0,1,0,0,0,2	0.00444444	0.772222	0.004754	0.934595
0,1,2,3,4,2	0.00444444	0.776667	0.018831	0.232607
0,1,2,1,1,3	0.00444444	0.781111	0.006436	0.689179
0,0,0,0,1,2	0.00444444	0.785556	0.004899	0.9068
0,1,0,0,1,2	0.00333333	0.788889	0.00161	2.07397
0,1,2,2,3,0	0.00333333	0.792222	0.003114	1.07067
0,1,2,1,1,2	0.00333333	0.795556	0.001641	2.03473
0,1,0,0,2,3	0.00333333	0.798889	0.00641	0.518416
0,1,0,1,0,0	0.00333333	0.802222	0.001891	1.76529
0,0,0,1,0,1	0.00333333	0.805556	0.001785	1.87031
0,1,0,1,1,0	0.00333333	0.808889	0.001233	2.70913
0,1,2,3,4,0	0.00333333	0.812222	0.019053	0.172191
0,1,2,1,0,1	0.00333333	0.815556	0.001529	2.18402
0,1,2,1,0,0	0.00333333	0.818889	0.001672	1.99694
0,0,1,0,0,1	0.00333333	0.822222	0.00187	1.78515
0,0,0,1,1,1	0.00333333	0.825556	0.001218	2.74254
0,1,2,0,3,0	0.00333333	0.828889	0.006425	0.517197
0,1,2,0,2,2	0.00333333	0.832222	0.001601	2.08565
0,1,2,3,4,3	0.00333333	0.835556	0.019138	0.171412
0,1,0,0,0,1	0.00333333	0.838889	0.001847	1.80742
0,0,1,2,3,4	0.00333333	0.842222	0.018921	0.173416
0,1,2,2,1,1	0.00333333	0.845556	0.001604	2.08174
0,1,1,2,0,1	0.00333333	0.848889	0.00166	2.0114
0,0,1,0,2,3	0.00333333	0.852222	0.006483	0.51254
0,1,2,2,3,2	0.00333333	0.855556	0.006428	0.516954
0,1,0,2,3,3	0.00333333	0.858889	0.003191	1.04475
0,1,1,0,0,0	0.00333333	0.862222	0.001892	1.76435
0,1,2,2,3,1	0.00333333	0.865556	0.003221	1.03499
0,1,2,3,4,4	0.00333333	0.868889	0.019018	0.172514
0,1,1,1,0,2	0.00222222	0.871111	0.001615	1.37683
0,1,1,0,2,0	0.00222222	0.873333	0.001569	1.41726
0,0,1,0,2,2	0.00222222	0.875556	0.001596	1.39324
0,1,0,2,3,1	0.00222222	0.877778	0.003173	0.699686
0,1,1,1,1,0	0.00222222	0.88	0.001811	1.22757
0,0,0,1,1,0	0.00222222	0.882222	0.001834	1.21215
0,1,1,1,1,2	0.00222222	0.884444	0.004737	0.467938
0,1,1,1,2,1	0.00222222	0.886667	0.004811	0.460706
0,0,1,1,1,0	0.00222222	0.888889	0.001205	1.84605
0,1,2,3,4,1	0.00222222	0.891111	0.019043	0.114728
0,1,1,2,1,0	0.00222222	0.893333	0.001524	1.45917
0,0,1,1,1,2	0.00222222	0.895556	0.001614	1.37768
0,1,2,3,3,3	0.00222222	0.897778	0.006487	0.341101
0,1,2,3,2,2	0.00222222	0.9	0.006447	0.343231
0,1,2,3,2,1	0.00222222	0.902222	0.003186	0.696822
0,0,1,1,2,1	0.00222222	0.904444	0.001533	1.45059
0,1,1,2,2,2	0.00222222	0.906667	0.001524	1.45917
0,1,2,3,1,3	0.00222222	0.908889	0.003224	0.688583
0,0,1,1,2,2	0.00222222	0.911111	0.000733	3.03621
0,1,2,3,0,3	0.00222222	0.913333	0.003202	0.693329
0,1,2,3,0,2	0.00222222	0.915556	0.003209	0.691812
0,0,1,1,2,3	0.00222222	0.917778	0.003236	0.686021
0,1,2,0,0,1	0.00222222	0.92	0.001488	1.49453
0,1,2,2,2,3	0.00222222	0.922222	0.006593	0.335581
0,1,2,2,2,0	0.00222222	0.924444	0.001607	1.38369
0,0,1,2,2,3	0.00222222	0.926667	0.003161	0.702351
0,1,2,0,1,2	0.00222222	0.928889	0.00078	2.85312
0,1,2,0,1,3	0.00222222	0.931111	0.003326	0.667397
0,0,1,2,3,0	0.00222222	0.933333	0.006314	0.350508
0,1,0,2,0,1	0.00222222	0.935556	0.001612	1.37939
0,1,0,1,2,3	0.00222222	0.937778	0.003151	0.704587
0,1,2,2,0,1	0.00222222	0.94	0.000827	2.69085
0,0,1,0,0,2	0.00222222	0.942222	0.004714	0.470232
0,1,2,1,0,3	0.00222222	0.944444	0.003171	0.700129
0,1,2,1,3,1	0.00222222	0.946667	0.00651	0.339888
0,1,0,1,0,1	0.00222222	0.948889	0.001236	1.79969
0,1,0,0,2,2	0.00222222	0.951111	0.001565	1.42089
0,1,0,0,2,1	0.00111111	0.952222	0.001618	0.68637
0,1,2,1,2,1	0.00111111	0.953333	0.0016	0.694105
0,1,2,1,2,2	0.00111111	0.954444	0.001559	0.712388
0,1,2,1,2,3	0.00111111	0.955556	0.003203	0.346171
0,0,0,1,2,2	0.00111111	0.956667	0.001592	0.697598
0,1,2,1,1,0	0.00111111	0.957778	0.001587	0.699799
0,1,0,1,1,2	0.00111111	0.958889	0.001626	0.682988
0,1,0,1,2,2	0.00111111	0.96	0.000747	1.48797
0,0,1,2,3,2	0.00111111	0.961111	0.003285	0.337502
0,0,1,2,3,1	0.00111111	0.962222	0.003176	0.349123
0,1,0,2,0,3	0.00111111	0.963333	0.006416	0.172258
0,1,0,2,1,0	0.00111111	0.964444	0.001575	0.70514
0,0,1,2,2,2	0.00111111	0.965556	0.001546	0.718388
0,1,0,2,1,1	0.00111111	0.966667	0.001648	0.673856
0,1,2,2,2,1	0.00111111	0.967778	0.001593	0.697159
0,0,1,2,1,3	0.00111111	0.968889	0.003233	0.342948
0,1,2,0,0,3	0.00111111	0.97	0.006452	0.171291
0,0,1,2,1,2	0.00111111	0.971111	0.000818	1.35873
0,0,1,2,1,1	0.00111111	0.972222	0.001613	0.688501
0,0,1,2,1,0	0.00111111	0.973333	0.001616	0.687221
0,1,2,2,3,3	0.00111111	0.974444	0.003297	0.336269
0,0,1,2,0,2	0.00111111	0.975556	0.001575	0.70514
0,0,0,1,0,2	0.00111111	0.976667	0.004777	0.231742
0,1,2,3,0,1	0.00111111	0.977778	0.003349	0.331031
0,1,1,2,3,4	0.00111111	0.978889	0.019092	0.0571501
0,1,1,2,3,3	0.00111111	0.98	0.003286	0.337399
0,1,2,3,0,4	0.00111111	0.981111	0.018992	0.0574569
0,1,2,3,1,0	0.00111111	0.982222	0.003236	0.342629
0,1,1,2,3,2	0.00111111	0.983333	0.003287	0.337296
0,1,2,3,1,2	0.00111111	0.984444	0.003236	0.342629
0,1,1,2,3,1	0.00111111	0.985556	0.006473	0.170732
0,1,1,2,2,1	0.00111111	0.986667	0.001579	0.703351
0,1,2,3,2,0	0.00111111	0.987778	0.003231	0.343161
0,1,1,0,0,1	0.00111111	0.988889	0.001248	0.890191
0,1,0,2,1,3	0.00111111	0.99	0.00321	0.345413
0,1,2,3,2,4	0.00111111	0.991111	0.018945	0.0576022
0,1,2,3,3,0	0.00111111	0.992222	0.003299	0.336065
0,1,1,2,1,2	0.00111111	0.993333	0.001544	0.71932
0,1,0,2,2,0	0.00111111	0.994444	0.001564	0.710107
0,1,0,2,3,0	0.00111111	0.995556	0.006491	0.170255
0,0,1,0,2,1	0.00111111	0.996667	0.001505	0.737989
0,1,1,1,2,3	0.00111111	0.997778	0.006525	0.169362
0,1,0,2,3,2	0.00111111	0.998889	0.003204	0.346062
0,1,1,2,2,0	0.00111111	1	0.000846	1.31372
