model	post_prob	cumulative_post_prob	prior_prob	bf
0,0,0,1,0,0	0.182222	0.182222	0.007381	29.9663
0,0,0,0,0,0	0.143333	0.325556	0.025818	6.31325
0,1,0,1,1,0	0.0644444	0.39	0.001236	55.6622
0,0,0,1,1,0	0.0411111	0.431111	0.001892	22.6176
0,1,1,1,1,1	0.0377778	0.468889	0.007402	5.26484
0,0,0,1,2,0	0.0377778	0.506667	0.004735	8.25239
0,1,0,2,0,0	0.0288889	0.535556	0.004726	6.26485
0,1,0,2,1,0	0.0266667	0.562222	0.001633	16.7499
0,1,0,1,0,0	0.0266667	0.588889	0.001809	15.1176
0,1,0,2,1,1	0.0244444	0.613333	0.00161	15.5383
0,1,0,1,1,1	0.0222222	0.635556	0.001834	12.3695
0,1,0,2,3,0	0.0188889	0.654444	0.006483	2.95044
0,1,0,2,2,0	0.0188889	0.673333	0.001549	12.4098
0,1,1,2,1,1	0.0166667	0.69	0.004659	3.62099
0,1,0,1,2,0	0.0144444	0.704444	0.001587	9.22047
0,1,1,1,1,0	0.0133333	0.717778	0.001857	7.26355
0,0,0,1,0,2	0.0111111	0.728889	0.004651	2.40458
0,1,1,2,1,0	0.01	0.738889	0.001568	6.43187
0,0,0,1,1,1	0.00888889	0.747778	0.001262	7.0977
0,1,2,3,4,0	0.00777778	0.755556	0.018935	0.406143
0,0,0,0,1,0	0.00777778	0.763333	0.007214	1.07876
0,1,0,1,1,2	0.00666667	0.77	0.001552	4.31765
0,0,1,2,0,0	0.00666667	0.776667	0.004673	1.4295
0,1,2,3,1,1	0.00555556	0.782222	0.006457	0.859613
0,1,1,1,2,1	0.00555556	0.787778	0.004747	1.17128
0,1,0,2,2,1	0.00555556	0.793333	0.000769	7.25916
0,1,0,2,1,3	0.00555556	0.798889	0.003291	1.69195
0,1,1,2,3,1	0.00555556	0.804444	0.006497	0.854286
0,1,1,1,0,0	0.00555556	0.81	0.001238	4.50701
0,0,1,2,0,1	0.00444444	0.814444	0.001586	2.81034
0,1,0,0,0,0	0.00444444	0.818889	0.00739	0.599634
0,1,2,1,0,0	0.00444444	0.823333	0.001631	2.73268
0,1,2,3,2,2	0.00444444	0.827778	0.006497	0.682666
0,1,0,2,3,1	0.00444444	0.832222	0.003183	1.39808
0,1,1,1,2,0	0.00444444	0.836667	0.001623	2.74617
0,1,1,1,1,2	0.00444444	0.841111	0.004751	0.935188
0,0,1,2,1,1	0.00444444	0.845556	0.001537	2.90008
0,1,0,2,3,4	0.00444444	0.85	0.019145	0.228719
0,1,2,3,1,0	0.00444444	0.854444	0.003163	1.40694
0,0,1,2,1,0	0.00444444	0.858889	0.001576	2.8282
0,1,0,1,2,1	0.00333333	0.862222	0.001573	2.12284
0,1,0,1,2,2	0.00333333	0.865556	0.00081	4.12565
0,0,0,1,2,2	0.00333333	0.868889	0.001599	2.08826
0,1,2,3,4,1	0.00333333	0.872222	0.019146	0.171339
0,1,1,2,0,0	0.00333333	0.875556	0.001663	2.00777
0,0,1,2,3,0	0.00333333	0.878889	0.006421	0.517522
0,0,0,1,2,1	0.00333333	0.882222	0.001557	2.14468
0,0,0,0,0,1	0.00333333	0.885556	0.007291	0.455369
0,1,0,2,1,2	0.00333333	0.888889	0.000748	4.46789
0,1,1,2,2,1	0.00333333	0.892222	0.001581	2.11208
0,0,1,1,1,1	0.00333333	0.895556	0.00188	1.77564
0,1,2,1,1,1	0.00333333	0.898889	0.004774	0.697217
0,1,2,1,2,2	0.00333333	0.902222	0.001558	2.14331
0,1,2,3,3,1	0.00333333	0.905556	0.003244	1.02763
0,0,0,1,1,2	0.00333333	0.908889	0.001551	2.15299
0,1,0,2,2,3	0.00222222	0.911111	0.003256	0.681794
0,1,2,3,4,2	0.00222222	0.913333	0.018989	0.11506
0,1,2,3,4,5	0.00222222	0.915556	0.153631	0.0122697
0,1,0,2,2,2	0.00222222	0.917778	0.001541	1.44305
0,1,1,0,0,1	0.00222222	0.92	0.001258	1.76818
0,1,0,2,0,3	0.00222222	0.922222	0.006382	0.34675
0,0,0,1,0,1	0.00222222	0.924444	0.001778	1.2504
0,1,0,2,0,1	0.00222222	0.926667	0.001634	1.36079
0,1,0,1,2,3	0.00222222	0.928889	0.003255	0.682004
0,0,0,1,2,3	0.00222222	0.931111	0.00648	0.341472
0,1,0,1,0,1	0.00222222	0.933333	0.001186	1.87566
0,1,2,3,2,4	0.00222222	0.935556	0.018961	0.115233
0,1,1,1,2,2	0.00222222	0.937778	0.00157	1.41635
0,0,1,0,0,0	0.00222222	0.94	0.007445	0.296923
0,1,2,3,2,0	0.00222222	0.942222	0.003195	0.694853
0,1,2,3,1,2	0.00222222	0.944444	0.003237	0.685809
0,1,2,2,3,0	0.00222222	0.946667	0.003179	0.698362
0,1,1,2,1,2	0.00222222	0.948889	0.00163	1.36414
0,1,1,2,1,3	0.00222222	0.951111	0.006314	0.350508
0,1,2,2,1,0	0.00222222	0.953333	0.000755	2.94767
0,1,2,1,2,0	0.00222222	0.955556	0.000771	2.88645
0,1,1,2,3,4	0.00222222	0.957778	0.01898	0.115116
0,1,1,2,3,3	0.00111111	0.958889	0.003185	0.348133
0,0,1,1,2,2	0.00111111	0.96	0.000795	1.39807
0,1,2,0,0,2	0.00111111	0.961111	0.001607	0.691076
0,1,2,0,0,3	0.00111111	0.962222	0.00637	0.17351
0,1,2,0,1,1	0.00111111	0.963333	0.001561	0.711474
0,0,1,1,2,1	0.00111111	0.964444	0.001517	0.732142
0,1,2,1,0,1	0.00111111	0.965556	0.001611	0.689358
0,1,2,1,1,0	0.00111111	0.966667	0.001536	0.723072
0,0,1,1,0,2	0.00111111	0.967778	0.001593	0.697159
0,1,2,1,1,2	0.00111111	0.968889	0.001609	0.690216
0,0,1,2,1,3	0.00111111	0.97	0.003225	0.343801
0,1,2,1,2,1	0.00111111	0.971111	0.00159	0.698477
0,0,1,0,2,1	0.00111111	0.972222	0.001662	0.66817
0,1,2,1,3,0	0.00111111	0.973333	0.003328	0.333127
0,1,2,1,3,3	0.00111111	0.974444	0.003169	0.349897
0,1,2,1,3,4	0.00111111	0.975556	0.019172	0.056907
0,1,1,2,2,0	0.00111111	0.976667	0.000812	1.36877
0,1,2,2,1,1	0.00111111	0.977778	0.001543	0.719787
0,1,2,2,2,0	0.00111111	0.978889	0.001573	0.706038
0,1,2,2,2,2	0.00111111	0.98	0.004752	0.232967
0,1,2,2,2,3	0.00111111	0.981111	0.006485	0.170414
0,0,1,2,2,1	0.00111111	0.982222	0.000803	1.38413
0,1,2,2,3,2	0.00111111	0.983333	0.006378	0.173291
0,1,2,3,0,4	0.00111111	0.984444	0.01917	0.0569131
0,0,1,0,1,0	0.00111111	0.985556	0.001809	0.613784
0,0,1,0,0,2	0.00111111	0.986667	0.004741	0.233511
0,0,1,2,3,3	0.00111111	0.987778	0.003195	0.34704
0,1,1,2,0,1	0.00111111	0.988889	0.001559	0.712388
0,1,2,3,2,1	0.00111111	0.99	0.003249	0.341254
0,1,0,0,0,2	0.00111111	0.991111	0.00475	0.233066
0,1,0,0,1,1	0.00111111	0.992222	0.001269	0.875442
0,1,0,1,0,2	0.00111111	0.993333	0.001552	0.715606
0,1,2,3,3,3	0.00111111	0.994444	0.006279	0.176041
0,1,2,3,3,4	0.00111111	0.995556	0.019079	0.0571898
0,1,1,1,0,1	0.00111111	0.996667	0.001845	0.601786
0,0,0,0,1,2	0.00111111	0.997778	0.004844	0.228522
0,1,0,2,3,2	0.00111111	0.998889	0.003278	0.338225
0,1,0,2,3,3	0.00111111	1	0.003248	0.341359
