model	post_prob	cumulative_post_prob	prior_prob	bf
0,0,0,0,0,0	0.446667	0.446667	0.026128	30.0879
0,0,0,0,0,1	0.152222	0.598889	0.007406	24.0649
0,0,0,0,1,1	0.0411111	0.64	0.001833	23.347
0,0,0,1,0,0	0.0311111	0.671111	0.007367	4.32653
0,0,0,0,1,2	0.0277778	0.698889	0.00476	5.97383
0,1,1,0,1,1	0.02	0.718889	0.001882	10.8235
0,0,1,0,0,0	0.0155556	0.734444	0.007266	2.1589
0,0,0,0,1,0	0.0144444	0.748889	0.007249	2.00716
0,0,1,0,1,1	0.0133333	0.762222	0.001288	10.4783
0,1,0,0,0,1	0.01	0.772222	0.001843	5.47064
0,1,1,1,0,2	0.00888889	0.781111	0.001557	5.75122
0,1,1,1,1,1	0.00888889	0.79	0.007418	1.20006
0,1,0,0,0,2	0.00888889	0.798889	0.004787	1.86457
0,1,0,0,1,1	0.00777778	0.806667	0.00122	6.41736
0,0,0,1,0,2	0.00777778	0.814444	0.004672	1.66997
0,1,0,0,1,2	0.00777778	0.822222	0.001542	5.07565
0,0,1,0,0,2	0.00555556	0.827778	0.00475	1.17054
0,0,1,0,0,1	0.00555556	0.833333	0.001842	3.02731
0,0,1,0,1,2	0.00555556	0.838889	0.001569	3.55502
0,1,0,1,0,0	0.00555556	0.844444	0.001841	3.02896
0,1,0,0,1,0	0.00444444	0.848889	0.001835	2.42839
0,0,1,1,0,0	0.00444444	0.853333	0.001771	2.51631
0,1,1,0,1,2	0.00444444	0.857778	0.00156	2.85726
0,1,1,1,0,0	0.00444444	0.862222	0.001231	3.62209
0,1,0,1,1,1	0.00444444	0.866667	0.001804	2.4702
0,1,0,0,0,0	0.00444444	0.871111	0.007318	0.605577
0,1,2,0,1,1	0.00444444	0.875556	0.001536	2.90197
0,1,0,0,2,2	0.00444444	0.88	0.001513	2.94615
0,1,0,0,2,3	0.00444444	0.884444	0.006396	0.693517
0,0,1,2,0,0	0.00333333	0.887778	0.004727	0.704183
0,0,1,1,1,2	0.00333333	0.891111	0.001617	2.06498
0,1,1,1,1,2	0.00333333	0.894444	0.004703	0.707793
0,0,1,0,2,2	0.00333333	0.897778	0.001599	2.08826
0,1,2,0,0,3	0.00333333	0.901111	0.006385	0.520458
0,0,0,1,1,0	0.00333333	0.904444	0.001776	1.87981
0,1,1,1,0,1	0.00333333	0.907778	0.001865	1.78994
0,1,0,2,0,0	0.00222222	0.91	0.004784	0.463319
0,0,0,1,2,0	0.00222222	0.912222	0.004804	0.461381
0,1,2,3,2,2	0.00222222	0.914444	0.006426	0.34436
0,0,1,2,0,3	0.00222222	0.916667	0.006512	0.339783
0,1,2,2,3,4	0.00222222	0.918889	0.019064	0.114599
0,1,2,0,1,2	0.00222222	0.921111	0.000736	3.02382
0,0,0,1,0,1	0.00222222	0.923333	0.001882	1.18118
0,1,2,0,0,1	0.00222222	0.925556	0.001601	1.38889
0,1,1,2,1,3	0.00222222	0.927778	0.006413	0.345063
0,1,0,1,1,0	0.00222222	0.93	0.001253	1.77524
0,0,1,1,1,1	0.00222222	0.932222	0.001802	1.23372
0,1,1,1,2,3	0.00222222	0.934444	0.006529	0.338893
0,1,1,1,2,1	0.00222222	0.936667	0.004812	0.46061
0,1,0,1,2,3	0.00222222	0.938889	0.003242	0.684747
0,1,1,1,1,0	0.00222222	0.941111	0.00195	1.13991
0,0,1,0,1,0	0.00222222	0.943333	0.001842	1.20688
0,0,1,1,1,0	0.00222222	0.945556	0.001264	1.75978
0,1,1,0,0,2	0.00222222	0.947778	0.001591	1.39763
0,1,1,0,0,0	0.00222222	0.95	0.001844	1.20557
0,1,0,2,2,3	0.00111111	0.951111	0.003225	0.343801
0,1,0,2,2,0	0.00111111	0.952222	0.001552	0.715606
0,1,1,0,0,1	0.00111111	0.953333	0.00131	0.848008
0,1,0,2,1,3	0.00111111	0.954444	0.003196	0.346931
0,1,1,0,1,0	0.00111111	0.955556	0.001214	0.915154
0,1,0,2,1,2	0.00111111	0.956667	0.000789	1.40871
0,0,1,1,0,1	0.00111111	0.957778	0.001168	0.95124
0,1,1,0,2,3	0.00111111	0.958889	0.003216	0.344767
0,0,1,0,2,1	0.00111111	0.96	0.001613	0.688501
0,0,1,0,2,0	0.00111111	0.961111	0.004588	0.241335
0,1,0,2,0,3	0.00111111	0.962222	0.006371	0.173483
0,0,1,2,3,3	0.00111111	0.963333	0.003219	0.344444
0,0,0,1,2,3	0.00111111	0.964444	0.006435	0.171747
0,0,1,2,1,3	0.00111111	0.965556	0.003265	0.339576
0,1,1,1,2,0	0.00111111	0.966667	0.001637	0.678391
0,1,0,1,2,0	0.00111111	0.967778	0.00164	0.677148
0,1,1,1,2,2	0.00111111	0.968889	0.001561	0.711474
0,1,0,1,1,2	0.00111111	0.97	0.001547	0.717923
0,1,1,2,0,0	0.00111111	0.971111	0.001568	0.708293
0,1,1,2,0,1	0.00111111	0.972222	0.001568	0.708293
0,1,1,2,0,2	0.00111111	0.973333	0.000792	1.40337
0,1,1,2,1,0	0.00111111	0.974444	0.001627	0.682567
0,1,1,2,1,1	0.00111111	0.975556	0.004809	0.230193
0,1,1,2,1,2	0.00111111	0.976667	0.00158	0.702905
0,1,0,1,0,2	0.00111111	0.977778	0.001593	0.697159
0,1,1,2,2,1	0.00111111	0.978889	0.001602	0.693237
0,1,1,2,2,2	0.00111111	0.98	0.001611	0.689358
0,1,1,2,3,4	0.00111111	0.981111	0.019015	0.0573861
0,0,1,1,2,2	0.00111111	0.982222	0.000766	1.45104
0,0,0,1,1,1	0.00111111	0.983333	0.001312	0.846713
0,0,1,2,0,1	0.00111111	0.984444	0.001544	0.71932
0,0,1,2,0,2	0.00111111	0.985556	0.001522	0.729733
0,1,2,0,2,1	0.00111111	0.986667	0.000764	1.45484
0,1,2,0,2,3	0.00111111	0.987778	0.003324	0.333529
0,1,2,1,2,2	0.00111111	0.988889	0.001526	0.727818
0,1,2,2,0,3	0.00111111	0.99	0.003216	0.344767
0,1,2,2,1,1	0.00111111	0.991111	0.001554	0.714684
0,1,2,2,1,3	0.00111111	0.992222	0.003144	0.352688
0,1,2,2,2,1	0.00111111	0.993333	0.001534	0.724016
0,1,2,2,2,3	0.00111111	0.994444	0.00664	0.16641
0,1,0,0,2,1	0.00111111	0.995556	0.00155	0.716531
0,1,2,3,0,2	0.00111111	0.996667	0.003174	0.349344
0,1,2,3,2,1	0.00111111	0.997778	0.003197	0.346822
0,0,1,2,1,1	0.00111111	0.998889	0.001623	0.684252
0,1,2,3,3,0	0.00111111	1	0.003177	0.349013
