model	post_prob	cumulative_post_prob	prior_prob	bf
0,0,0,0,0,0	0.36	0.36	0.026165	20.9357
0,1,1,1,1,1	0.193333	0.553333	0.007503	31.7035
0,1,1,1,1,0	0.0266667	0.58	0.001891	14.4608
0,1,1,1,1,2	0.0233333	0.603333	0.004777	4.97732
0,1,2,1,1,1	0.0222222	0.625556	0.004659	4.85542
0,0,0,1,0,0	0.0177778	0.643333	0.007499	2.3955
0,1,2,2,2,2	0.0155556	0.658889	0.004726	3.32769
0,1,1,2,1,1	0.0133333	0.672222	0.004826	2.78663
0,1,0,0,0,0	0.0133333	0.685556	0.007422	1.80722
0,1,1,1,0,1	0.0122222	0.697778	0.001852	6.66876
0,0,0,0,1,0	0.0111111	0.708889	0.007349	1.51767
0,0,1,1,0,0	0.01	0.718889	0.001865	5.40599
0,1,1,1,2,1	0.01	0.728889	0.004748	2.11732
0,0,1,1,1,1	0.00888889	0.737778	0.001806	4.95704
0,0,1,0,0,0	0.00888889	0.746667	0.007375	1.20711
0,0,0,0,0,1	0.00888889	0.755556	0.007335	1.21375
0,1,1,0,1,1	0.00777778	0.763333	0.001939	4.03484
0,1,0,1,0,0	0.00777778	0.771111	0.001823	4.29208
0,1,1,1,0,0	0.00777778	0.778889	0.001275	6.1402
0,1,1,2,1,2	0.00666667	0.785556	0.001488	4.50364
0,1,0,1,1,0	0.00555556	0.791111	0.001252	4.45655
0,1,1,2,2,2	0.00555556	0.796667	0.001587	3.51464
0,1,2,2,1,2	0.00555556	0.802222	0.001477	3.7768
0,1,2,2,1,3	0.00555556	0.807778	0.003208	1.73587
0,0,1,1,0,1	0.00555556	0.813333	0.001264	4.41419
0,1,1,0,0,0	0.00555556	0.818889	0.001806	3.08776
0,1,1,1,2,3	0.00555556	0.824444	0.006326	0.877529
0,0,1,0,1,0	0.00555556	0.83	0.001849	3.01583
0,0,1,1,1,0	0.00555556	0.835556	0.001274	4.37949
0,1,2,2,2,1	0.00444444	0.84	0.001598	2.78921
0,0,1,1,0,2	0.00444444	0.844444	0.0015	2.97173
0,1,1,1,2,2	0.00444444	0.848889	0.001578	2.82461
0,0,1,2,2,0	0.00444444	0.853333	0.00158	2.82103
0,1,2,2,2,0	0.00444444	0.857778	0.001584	2.8139
0,0,1,0,1,1	0.00333333	0.861111	0.001188	2.81188
0,1,2,3,1,2	0.00333333	0.864444	0.003235	1.0305
0,1,1,1,2,0	0.00333333	0.867778	0.001538	2.17122
0,1,2,1,1,2	0.00333333	0.871111	0.001608	2.07656
0,1,0,1,1,1	0.00333333	0.874444	0.001865	1.78994
0,1,2,3,2,2	0.00333333	0.877778	0.006406	0.518741
0,1,2,2,1,1	0.00333333	0.881111	0.001576	2.11879
0,1,2,3,2,3	0.00333333	0.884444	0.003175	1.05004
0,1,1,0,1,0	0.00333333	0.887778	0.001241	2.69164
0,0,0,1,1,0	0.00333333	0.891111	0.00188	1.77564
0,1,2,1,2,3	0.00222222	0.893333	0.003151	0.704587
0,0,1,2,0,0	0.00222222	0.895556	0.004844	0.457552
0,1,2,1,3,0	0.00222222	0.897778	0.003215	0.690517
0,1,1,0,0,1	0.00222222	0.9	0.001213	1.83386
0,1,2,1,3,1	0.00222222	0.902222	0.006433	0.343983
0,1,0,2,0,1	0.00222222	0.904444	0.001638	1.35746
0,0,1,1,2,3	0.00222222	0.906667	0.003228	0.687727
0,1,2,3,2,4	0.00222222	0.908889	0.018851	0.115919
0,1,2,1,0,0	0.00222222	0.911111	0.001601	1.38889
0,1,0,0,1,1	0.00222222	0.913333	0.001212	1.83537
0,1,0,0,0,1	0.00222222	0.915556	0.001841	1.20753
0,1,1,1,0,2	0.00222222	0.917778	0.00158	1.40738
0,1,2,3,3,0	0.00222222	0.92	0.003147	0.705485
0,1,2,3,3,2	0.00222222	0.922222	0.003173	0.699686
0,1,2,3,4,2	0.00222222	0.924444	0.019101	0.114373
0,1,2,2,3,1	0.00222222	0.926667	0.00315	0.704811
0,1,2,0,0,0	0.00222222	0.928889	0.004765	0.465175
0,1,2,2,3,3	0.00222222	0.931111	0.003241	0.684959
0,0,1,2,2,2	0.00222222	0.933333	0.00157	1.41635
0,1,1,2,0,1	0.00222222	0.935556	0.001566	1.41998
0,1,1,2,3,4	0.00222222	0.937778	0.018951	0.115295
0,0,0,1,1,1	0.00222222	0.94	0.001183	1.88042
0,1,2,3,1,4	0.00222222	0.942222	0.019119	0.114263
0,1,1,2,1,3	0.00222222	0.944444	0.006396	0.345986
0,1,1,2,2,1	0.00222222	0.946667	0.001606	1.38455
0,1,2,1,2,1	0.00222222	0.948889	0.001603	1.38715
0,1,1,2,3,2	0.00111111	0.95	0.003277	0.338328
0,1,1,2,3,3	0.00111111	0.951111	0.003187	0.347914
0,1,1,2,0,2	0.00111111	0.952222	0.000816	1.36206
0,0,0,1,0,2	0.00111111	0.953333	0.004723	0.234405
0,1,2,0,2,0	0.00111111	0.954444	0.0016	0.694105
0,1,2,0,2,3	0.00111111	0.955556	0.003172	0.349565
0,1,2,0,3,1	0.00111111	0.956667	0.00315	0.352014
0,1,1,0,2,2	0.00111111	0.957778	0.000774	1.43603
0,1,2,1,0,3	0.00111111	0.958889	0.003204	0.346062
0,1,2,1,1,0	0.00111111	0.96	0.001559	0.712388
0,1,1,0,2,1	0.00111111	0.961111	0.001596	0.695847
0,1,1,0,2,0	0.00111111	0.962222	0.001686	0.658643
0,1,2,1,1,3	0.00111111	0.963333	0.006446	0.171452
0,1,2,1,2,0	0.00111111	0.964444	0.00078	1.42497
0,1,0,2,3,4	0.00111111	0.965556	0.019149	0.0569767
0,1,0,2,3,1	0.00111111	0.966667	0.003316	0.334336
0,1,0,2,2,2	0.00111111	0.967778	0.001552	0.715606
0,1,0,2,1,1	0.00111111	0.968889	0.00154	0.721191
0,1,2,1,3,2	0.00111111	0.97	0.003143	0.3528
0,1,2,1,3,3	0.00111111	0.971111	0.003267	0.339367
0,1,2,1,3,4	0.00111111	0.972222	0.018941	0.0576146
0,1,2,2,0,1	0.00111111	0.973333	0.000735	1.51229
0,1,2,2,1,0	0.00111111	0.974444	0.000821	1.35376
0,1,0,1,2,0	0.00111111	0.975556	0.001595	0.696284
0,1,0,1,1,2	0.00111111	0.976667	0.001542	0.720254
0,1,0,1,0,1	0.00111111	0.977778	0.001193	0.931282
0,1,0,0,2,0	0.00111111	0.978889	0.00469	0.236062
0,1,0,0,1,0	0.00111111	0.98	0.001791	0.619964
0,0,1,2,3,4	0.00111111	0.981111	0.019091	0.0571532
0,1,2,2,2,3	0.00111111	0.982222	0.006526	0.169336
0,0,1,2,3,3	0.00111111	0.983333	0.003116	0.355867
0,0,1,2,3,0	0.00111111	0.984444	0.006449	0.171371
0,1,2,2,3,4	0.00111111	0.985556	0.018977	0.0575032
0,1,2,3,0,0	0.00111111	0.986667	0.006376	0.173346
0,1,2,3,0,1	0.00111111	0.987778	0.003331	0.332826
0,1,2,3,1,1	0.00111111	0.988889	0.006539	0.168997
0,0,1,2,1,1	0.00111111	0.99	0.001623	0.684252
0,0,1,2,1,0	0.00111111	0.991111	0.001585	0.700684
0,0,1,2,0,3	0.00111111	0.992222	0.006371	0.173483
0,0,1,0,2,2	0.00111111	0.993333	0.001546	0.718388
0,0,1,0,2,1	0.00111111	0.994444	0.001511	0.735054
0,0,1,0,0,1	0.00111111	0.995556	0.001853	0.599183
0,0,0,1,2,0	0.00111111	0.996667	0.004716	0.234754
0,1,2,3,3,3	0.00111111	0.997778	0.006432	0.171827
0,0,0,1,1,2	0.00111111	0.998889	0.001552	0.715606
0,1,2,3,4,4	0.00111111	1	0.019232	0.056726
