model	post_prob	cumulative_post_prob	prior_prob	bf
0,0,0,0,0,0	0.588889	0.588889	0.025806	54.0753
0,0,0,0,0,1	0.148889	0.737778	0.007327	23.7004
0,0,0,0,1,0	0.02	0.757778	0.007412	2.73299
0,0,0,0,1,1	0.0155556	0.773333	0.001792	8.80192
0,1,0,0,0,0	0.0144444	0.787778	0.007268	2.00187
0,0,0,1,0,0	0.0133333	0.801111	0.007213	1.85998
0,0,0,0,1,2	0.01	0.811111	0.004804	2.09252
0,1,1,1,1,2	0.00888889	0.82	0.004745	1.88115
0,1,1,1,0,0	0.00888889	0.828889	0.001243	7.20632
0,0,1,0,0,0	0.00777778	0.836667	0.007405	1.05074
0,1,1,1,1,0	0.00777778	0.844444	0.001856	4.21562
0,0,1,0,0,1	0.00777778	0.852222	0.001863	4.19975
0,0,0,1,0,1	0.00555556	0.857778	0.001917	2.90865
0,1,1,1,0,2	0.00555556	0.863333	0.001617	3.44933
0,1,1,1,1,1	0.00444444	0.867778	0.007443	0.595332
0,0,0,1,1,0	0.00444444	0.872222	0.001807	2.46609
0,0,1,0,0,2	0.00444444	0.876667	0.004792	0.927148
0,1,0,1,0,0	0.00444444	0.881111	0.001845	2.4152
0,0,1,0,1,1	0.00444444	0.885556	0.001247	3.57556
0,1,0,0,1,0	0.00444444	0.89	0.001858	2.39827
0,1,1,0,0,0	0.00444444	0.894444	0.001889	2.35884
0,0,0,1,0,2	0.00333333	0.897778	0.00474	0.702242
0,1,1,0,0,2	0.00333333	0.901111	0.001592	2.09746
0,0,0,1,1,2	0.00333333	0.904444	0.001592	2.09746
0,1,0,1,1,2	0.00333333	0.907778	0.00161	2.07397
0,1,1,1,0,1	0.00333333	0.911111	0.001819	1.83529
0,0,0,1,1,1	0.00222222	0.913333	0.001208	1.84146
0,0,1,1,1,1	0.00222222	0.915556	0.001869	1.18941
0,0,1,1,1,2	0.00222222	0.917778	0.001592	1.39675
0,0,1,1,2,0	0.00222222	0.92	0.001621	1.37172
0,1,1,1,2,3	0.00222222	0.922222	0.006416	0.344901
0,1,1,0,2,0	0.00222222	0.924444	0.00158	1.40738
0,0,1,2,1,0	0.00222222	0.926667	0.001591	1.39763
0,1,2,0,0,3	0.00222222	0.928889	0.006518	0.339468
0,1,0,0,0,1	0.00222222	0.931111	0.001823	1.21948
0,1,0,0,0,2	0.00222222	0.933333	0.004663	0.475399
0,0,1,0,1,2	0.00222222	0.935556	0.001553	1.43188
0,1,0,0,2,2	0.00222222	0.937778	0.001581	1.40648
0,0,1,0,1,0	0.00222222	0.94	0.001854	1.19905
0,1,1,0,1,0	0.00222222	0.942222	0.001271	1.75007
0,1,0,1,0,2	0.00222222	0.944444	0.001575	1.41185
0,1,0,1,1,0	0.00222222	0.946667	0.00125	1.77951
0,0,1,1,0,1	0.00222222	0.948889	0.001322	1.68247
0,0,0,1,2,3	0.00222222	0.951111	0.006448	0.343178
0,1,1,2,0,0	0.00222222	0.953333	0.001618	1.37427
0,1,0,2,2,0	0.00111111	0.954444	0.001541	0.720722
0,1,0,2,2,2	0.00111111	0.955556	0.001596	0.695847
0,1,0,2,2,3	0.00111111	0.956667	0.003223	0.344016
0,1,0,2,3,4	0.00111111	0.957778	0.018993	0.0574538
0,1,0,2,1,3	0.00111111	0.958889	0.003179	0.348792
0,1,1,0,0,1	0.00111111	0.96	0.001253	0.886635
0,1,0,2,0,2	0.00111111	0.961111	0.001552	0.715606
0,1,0,1,0,1	0.00111111	0.962222	0.001282	0.866553
0,1,1,0,1,2	0.00111111	0.963333	0.00163	0.681309
0,0,1,2,0,2	0.00111111	0.964444	0.001573	0.706038
0,1,1,0,2,3	0.00111111	0.965556	0.003153	0.351678
0,0,1,2,0,0	0.00111111	0.966667	0.004664	0.237384
0,0,1,1,1,0	0.00111111	0.967778	0.001154	0.962793
0,0,1,1,0,2	0.00111111	0.968889	0.001565	0.709653
0,0,1,1,0,0	0.00111111	0.97	0.001822	0.609396
0,0,1,0,2,2	0.00111111	0.971111	0.001567	0.708745
0,0,1,0,2,1	0.00111111	0.972222	0.001581	0.702459
0,1,1,1,2,1	0.00111111	0.973333	0.004686	0.236264
0,0,1,0,2,0	0.00111111	0.974444	0.004773	0.231938
0,0,0,1,2,2	0.00111111	0.975556	0.001537	0.722601
0,1,1,2,0,3	0.00111111	0.976667	0.003263	0.339785
0,1,1,2,1,1	0.00111111	0.977778	0.004636	0.238824
0,1,1,2,1,2	0.00111111	0.978889	0.001611	0.689358
0,1,1,2,1,3	0.00111111	0.98	0.006469	0.170838
0,1,2,0,0,0	0.00111111	0.981111	0.004801	0.230578
0,0,0,1,2,1	0.00111111	0.982222	0.00158	0.702905
0,1,2,0,1,3	0.00111111	0.983333	0.003253	0.340833
0,1,2,0,2,3	0.00111111	0.984444	0.00325	0.341148
0,1,2,1,0,0	0.00111111	0.985556	0.001625	0.683409
0,1,2,1,1,0	0.00111111	0.986667	0.001606	0.691507
0,1,2,1,1,2	0.00111111	0.987778	0.001531	0.725437
0,1,2,1,2,0	0.00111111	0.988889	0.000763	1.45675
0,1,2,1,2,2	0.00111111	0.99	0.001601	0.69367
0,1,2,1,2,3	0.00111111	0.991111	0.003228	0.343481
0,1,2,1,3,3	0.00111111	0.992222	0.003107	0.356901
0,1,2,2,0,1	0.00111111	0.993333	0.000773	1.43789
0,1,2,2,1,0	0.00111111	0.994444	0.000806	1.37897
0,1,2,2,2,0	0.00111111	0.995556	0.001568	0.708293
0,1,2,2,2,1	0.00111111	0.996667	0.00161	0.689786
0,1,2,2,2,2	0.00111111	0.997778	0.004784	0.231402
0,1,2,2,3,4	0.00111111	0.998889	0.018928	0.0576549
0,1,2,3,0,0	0.00111111	1	0.006363	0.173703
